,EPO127.mgat1.,EPO174.mgat2.,EPO266.fut8.,st3gal4.st3gal6.mgat4a.mgat4b.mgat5,KI_ST6GalNAc1.st3gal4.st3gal6.mgat4a.mgat4b.mgat5,mgat4A.mgat4B.mgat5,B3gnt2.mgat4a.mgat4b.mgat5,st3gal4.st3gal6,B4GalT1,B4GalT2,B4GalT3,WT,B4GalT4,EPO78.mgat4B.,mgat4A.mgat4B,mgat5
G23295TF,0.0,0.0,0.0,0.0,3.21,0.0,0.0,0.0,0.0,0.0,0.0,0.0,0.0,0.0,0.0,0.0
G54338PJ,0.0,0.0,0.0,0.0,0.0,0.0,0.0,0.0,0.0,55.82,46.61,27.84,6.55,27.84,0.0,27.21
5312.1,0.0,0.0,6.81,0.0,0.0,0.0,0.0,0.0,0.0,0.0,0.0,0.0,0.0,0.0,0.0,0.0
G90130AG,0.0,0.0,0.0,0.47,0.0,0.0,0.0,0.0,0.0,0.0,0.0,0.0,0.0,0.0,0.0,0.0
G05098FE,0.0,0.0,83.29,0.0,0.0,0.0,0.0,0.0,0.0,0.0,0.0,0.0,0.0,0.0,0.0,0.0
G04483SK,0.0,0.0,0.0,100.0,0.0,3.68,5.11,11.3,0.0,6.78,0.0,5.01,0.0,0.0,7.1,6.13
2693.2,0.0,0.0,0.0,10.87,0.0,0.0,0.0,0.0,0.0,0.0,0.0,0.0,0.0,0.0,0.0,0.0
G86696LV,0.0,0.0,0.0,0.0,0.0,0.0,0.0,0.0,16.16,100.0,100.0,100.0,44.08,0.0,0.0,0.0
G05203UQ,0.0,0.0,100.0,0.0,0.0,0.0,0.0,0.0,0.0,0.0,0.0,0.0,0.0,0.0,0.0,0.0
G76812VG,0.0,0.0,0.0,0.0,0.0,0.0,0.0,0.0,19.68,62.9,43.17,0.0,31.31,28.35,100.0,100.0
G37597FW,0.0,0.0,0.0,0.0,0.0,0.0,0.0,12.09,0.0,0.0,0.0,0.0,0.0,0.0,0.0,0.0
4587.1,0.0,0.0,0.0,0.0,0.0,0.0,0.0,0.0,24.09,69.61,53.18,74.1,100.0,0.0,0.0,0.0
G17689DH,0.0,0.0,0.0,0.0,100.0,100.0,100.0,0.0,0.0,41.87,29.55,15.67,13.3,15.67,0.0,44.94
G56516KW,0.0,0.0,0.0,0.0,0.0,0.0,0.0,0.0,0.0,0.0,0.0,0.0,0.0,100.0,16.79,2.15
G39813YP,0.0,0.0,29.14,0.0,0.0,0.0,0.0,0.0,0.0,0.0,0.0,0.0,0.0,0.0,0.0,0.0
G07568IR,0.0,0.0,0.0,0.0,0.0,0.0,0.0,41.09,0.0,0.0,0.0,0.0,0.0,0.0,14.78,0.0
G60415BS,10.74,0.0,0.0,0.0,0.0,0.0,0.0,0.0,0.0,0.0,0.0,0.0,0.0,0.0,0.0,0.0
G40242TG,0.0,0.0,0.0,0.0,0.0,0.0,0.0,0.0,14.95,0.0,0.0,0.0,0.0,0.0,0.0,0.0
4675.1,0.0,0.0,0.0,0.0,0.0,0.0,0.0,0.0,0.0,0.0,0.0,0.0,0.0,0.0,1.77,0.0
G88127MB,0.0,0.0,0.0,0.0,0.0,0.0,0.0,0.0,0.0,0.0,0.0,0.0,0.0,0.0,45.29,0.0
3416.3,0.0,0.0,0.0,0.0,0.0,0.0,0.0,0.0,0.0,0.0,0.0,0.0,0.0,0.0,95.36,0.0
G80858MF,0.0,0.0,0.0,1.34,1.54,0.0,2.04,0.0,78.43,0.0,0.0,0.0,0.0,0.0,0.0,0.0
5486.1,0.0,0.0,0.0,0.0,0.0,0.0,0.0,0.0,0.0,0.64,1.26,2.24,1.08,0.0,0.0,0.0
G49721VX,96.85,0.0,0.0,0.0,0.0,0.0,0.0,0.0,0.0,0.0,0.0,0.0,0.0,0.0,0.0,0.0
G09280JF,0.0,0.0,0.0,0.0,0.0,0.0,0.0,0.0,0.0,14.6,23.63,0.0,0.0,0.0,0.0,0.0
2967.1,0.0,15.67,0.0,0.0,0.0,0.0,0.0,0.0,0.0,0.0,0.0,0.0,0.0,0.0,0.0,0.0
G88966ZO,0.0,0.0,0.0,0.0,0.0,0.0,0.0,3.45,0.0,0.0,0.0,0.0,0.0,0.0,0.0,0.0
4041.1,0.0,0.0,0.0,0.0,0.0,0.0,0.0,14.92,0.0,0.0,0.0,0.0,0.0,0.0,0.0,0.0
2605.1,0.0,11.79,0.0,0.0,0.0,0.0,0.0,0.0,0.0,0.0,0.0,0.0,0.0,0.0,0.0,0.0
1754.1,100.0,0.0,0.0,0.0,0.0,0.0,0.0,0.0,0.0,0.0,0.0,0.0,0.0,0.0,0.0,0.0
G54953LX,0.0,0.0,0.0,6.73,0.0,0.0,0.0,0.0,0.0,0.0,0.0,0.0,0.0,0.0,0.0,0.0
3592.1,0.0,0.0,0.0,2.21,0.0,0.0,0.0,0.0,0.0,0.0,0.0,0.0,0.0,0.0,0.0,0.0
G79412GP,0.0,0.0,0.0,0.0,0.0,0.0,0.0,0.0,19.83,0.0,0.0,0.0,0.0,0.0,0.0,0.0
G20924UR,0.0,0.0,0.0,0.0,0.0,0.0,0.0,100.0,0.0,0.0,0.0,0.0,0.0,0.0,0.0,0.0
G80264ZA,0.0,0.0,0.0,0.0,0.0,0.0,0.0,0.0,15.92,0.0,0.0,0.0,0.0,0.0,0.0,0.0
G80393PG,0.0,0.0,0.0,0.0,0.0,0.0,0.0,0.0,100.0,0.0,0.0,0.0,0.0,0.0,0.0,0.0
3055.1,0.0,0.0,0.0,0.0,0.0,0.0,0.0,0.0,0.0,0.0,0.0,0.0,0.0,13.04,0.0,0.0
3416.1,0.0,0.0,0.0,0.0,0.0,3.16,0.0,0.0,0.0,0.0,0.0,0.0,0.0,0.0,0.0,0.0
3416.2,0.0,27.84,0.0,0.0,0.0,0.0,0.0,0.0,0.0,0.0,0.0,0.0,0.0,0.0,0.0,0.0
2401.1,0.0,1.79,0.0,0.0,0.0,0.0,0.0,0.0,0.0,0.0,0.0,0.0,0.0,0.0,0.0,0.0
G30460NZ,0.0,0.0,0.0,0.0,2.25,31.67,42.65,0.0,0.0,31.41,17.1,11.79,0.0,0.0,0.0,13.27
G75308SV,0.0,0.0,0.0,0.0,0.0,0.0,0.0,51.59,0.0,0.0,0.0,0.0,0.0,0.0,0.0,0.0
G85809SI,0.0,0.0,26.41,0.0,0.0,0.0,0.0,0.0,0.0,0.0,0.0,0.0,0.0,0.0,0.0,0.0
3865.1,0.0,0.0,0.0,0.0,0.0,0.0,0.0,0.0,0.0,54.26,61.4,53.12,0.0,0.0,0.0,0.0
G49604DB,0.0,0.0,0.0,0.0,0.0,0.0,0.0,0.0,4.57,5.95,8.27,15.1,10.0,0.0,0.0,0.0
G79457WN,0.0,0.0,0.0,0.0,0.0,0.0,0.0,0.0,22.68,0.0,0.0,0.0,0.0,0.0,0.0,0.0
G39764AC,0.0,0.0,28.18,0.0,0.0,0.0,0.0,0.0,0.0,0.0,0.0,0.0,0.0,0.0,0.0,0.0
3457.1,0.0,0.0,0.0,0.0,0.0,0.0,0.0,0.0,18.31,0.0,0.0,0.0,0.0,0.0,0.0,0.0
G00176HZ,0.0,0.0,0.0,0.0,0.0,0.0,0.0,0.0,50.59,0.0,0.0,0.0,0.0,0.0,0.0,0.0
G10691MJ,0.0,0.0,0.0,0.0,0.0,0.0,0.0,8.53,0.0,0.0,0.0,0.0,0.0,0.0,0.0,0.0
G99891PR,0.0,0.0,73.56,0.0,0.0,0.0,0.0,0.0,0.0,0.0,0.0,0.0,0.0,0.0,0.0,0.0
G58667NI,0.0,0.0,0.0,6.19,0.0,0.0,0.0,2.79,0.0,0.0,0.0,0.0,0.0,0.0,0.0,0.0
