,1,2,3,4,5,6,7,8,9,10,11,12,13,14,15,16,17,18,19,20,21,22,23,24,25,26,27,28,29,30,31,32,33,34
51,1.0,1.0,0.9999999999999999,1.0,1.0,1.0,1.0,1.0000000000000002,1.0,1.0000000000000002,1.0,1.0000000000000002,1.0,1.0000000000000002,1.0,1.0000000000000002,1.0,1.0,1.0,1.0,1.0,1.0,1.0000000000000002,1.0,1.0,1.0,1.0,1.0,1.0,1.0,1.0,1.0,0.9999999999999999,1.0
77,1.0,1.0,0.9999999999999999,1.0,1.0,1.0,1.0,1.0000000000000002,1.0,1.0000000000000002,1.0,1.0000000000000002,1.0,1.0000000000000002,1.0,1.0000000000000002,1.0,1.0,1.0,1.0,1.0,1.0,1.0000000000000002,1.0,1.0,1.0,1.0,1.0,1.0,0.0,1.0,1.0,0.9999999999999999,1.0
84,1.0,1.0,0.9999999999999999,1.0,1.0,1.0,1.0,1.0000000000000002,1.0,1.0000000000000002,1.0,1.0000000000000002,1.0,1.0000000000000002,1.0,1.0000000000000002,1.0,1.0,1.0,1.0,1.0,1.0,1.0000000000000002,1.0,1.0,1.0,1.0,1.0,1.0,0.4817187725805675,1.0,1.0,0.9999999999999999,0.0
94,0.0,0.0,0.0,0.0,0.0,0.0,0.0,0.0,0.0,0.0,0.0,0.0,0.0,0.0,0.0,0.0,0.0,0.0,0.0,0.0,0.0,0.0,0.0,0.0,0.0,0.0,0.0,0.0,0.0,0.9482634038248472,0.0,0.0,0.0,0.0
104,1.0,1.0,0.9999999999999999,1.0,1.0,0.4054671477895174,1.0,1.0000000000000002,1.0,0.5721793867839288,0.07452487170891461,0.9605438826167547,1.0,1.0000000000000002,1.0,0.7348168752897545,1.0,1.0,0.9182249105766717,0.9863818424566089,0.9895156873484078,0.9856074766355141,1.0000000000000002,1.0,1.0,0.4762532981530343,1.0,1.0,1.0,0.0,1.0,1.0,0.9999999999999999,1.0
114,0.8934955882835307,0.846767545925577,0.9747411860969796,0.6678368611254518,0.0,0.7963967705926639,0.8196196827685651,0.8785693833459147,0.9355370298565335,0.8711975182217939,0.5857036024652518,0.703197708330633,0.9761552188935718,0.7548236716018475,0.8722569209993247,0.6213877298717355,0.8940253777976153,0.9426676432291667,0.6309942710908193,0.0,0.0,0.0,0.8831425897934213,0.9001781235232106,1.0,1.0,0.8764271578626883,0.9088211334807401,0.9399754845629357,0.0,0.26351221388728596,0.0,0.0,0.9188807967989867
115,1.0,1.0,0.9999999999999999,1.0,1.0,1.0,1.0,1.0000000000000002,1.0,1.0000000000000002,0.8348332860568866,1.0000000000000002,1.0,1.0000000000000002,1.0,0.9882724634694967,1.0,1.0,1.0,1.0,1.0,1.0,1.0000000000000002,1.0,0.0,1.0,1.0,1.0,1.0,0.0,0.0,0.0,0.0,1.0
120,1.0,1.0,0.9999999999999999,1.0,1.0,1.0,1.0,1.0000000000000002,1.0,1.0000000000000002,0.8348332860568866,1.0000000000000002,1.0,1.0000000000000002,1.0,0.9882724634694967,1.0,1.0,1.0,1.0,1.0,1.0,1.0000000000000002,1.0,1.0,1.0,1.0,1.0,1.0,0.0,1.0,1.0,0.9999999999999999,0.0
149,0.9835667661626268,0.9713259538389072,0.9221601622256217,0.9683531233866804,0.9734315211898058,0.3465901715947146,0.9847242249459263,1.0000000000000002,1.0,0.45608698271188475,0.07452487170891461,0.7391670663262,1.0,0.9263607717874565,0.05156988521269413,0.1641855114270506,0.031116495568449917,0.0,0.9182249105766717,0.9522696929238985,0.0,0.9856074766355141,0.9819693370762255,1.0,1.0,0.4762532981530343,0.9809331709544833,1.0,1.0,0.0,0.20856574982368403,0.8891259891526629,0.0,1.0
150,0.8934955882835307,0.846767545925577,0.9747411860969796,0.6678368611254518,0.0,0.4054671477895174,0.8196196827685651,0.8785693833459147,0.9355370298565335,0.5721793867839288,0.07452487170891461,0.6610714332006897,0.9761552188935718,0.7548236716018475,0.8722569209993247,0.395405140884974,0.8940253777976153,0.9426676432291667,0.5939744670951232,0.0,0.0,0.0,0.8831425897934213,0.9001781235232106,1.0,0.4762532981530343,0.8764271578626883,0.9088211334807401,0.9399754845629357,0.0,0.26351221388728596,0.0,0.0,0.9188807967989867
151,1.0,1.0,0.9999999999999999,1.0,1.0,0.4054671477895174,1.0,1.0000000000000002,1.0,0.5721793867839288,0.07452487170891461,0.9605438826167547,1.0,1.0000000000000002,1.0,0.7348168752897545,1.0,1.0,0.9182249105766717,0.9863818424566089,0.9895156873484078,0.9856074766355141,1.0000000000000002,1.0,0.0,0.4762532981530343,1.0,1.0,1.0,0.0,0.0,0.0,0.0,1.0
163,0.8934955882835307,0.846767545925577,0.9747411860969796,0.6678368611254518,0.0,0.7963967705926639,0.8196196827685651,0.8785693833459147,0.9355370298565335,0.8711975182217939,0.5857036024652518,0.703197708330633,0.9761552188935718,0.7548236716018475,0.8722569209993247,0.6213877298717355,0.8940253777976153,0.9426676432291667,0.6309942710908193,0.0,0.0,0.0,0.8831425897934213,0.9001781235232106,0.0,1.0,0.8764271578626883,0.9088211334807401,0.9399754845629357,0.0,0.0,0.0,0.0,0.9188807967989867
167,1.0,1.0,0.9999999999999999,1.0,1.0,0.4054671477895174,1.0,1.0000000000000002,1.0,0.5721793867839288,0.07452487170891461,0.9605438826167547,1.0,1.0000000000000002,1.0,0.7348168752897545,1.0,1.0,0.9182249105766717,0.9863818424566089,0.9895156873484078,0.9856074766355141,1.0000000000000002,1.0,1.0,0.4762532981530343,1.0,1.0,1.0,0.0,0.3588510611014939,0.9342935894016182,0.6173037849076218,0.0
168,1.0,1.0,0.9999999999999999,1.0,1.0,0.7963967705926639,1.0,1.0000000000000002,1.0,0.8711975182217939,0.5857036024652518,0.9837457387652466,1.0,1.0000000000000002,1.0,0.875015024296434,1.0,1.0,0.9552447145723676,0.9863818424566089,0.9895156873484078,0.9856074766355141,1.0000000000000002,1.0,0.0,1.0,1.0,1.0,1.0,0.0,0.0,0.0,0.0,0.0
173,0.05687670154492079,0.027260951483749414,0.06602867409014905,0.01109963861641714,0.022814237239188507,0.01186365878352068,0.04774242970439797,0.08631595387458678,0.05370298565335402,0.0007680260225287634,0.0,0.036798921567356674,0.0,0.020201148184918204,0.1290935178933153,0.024571163653222074,0.3428553210482689,0.28466796875000006,0.03414080902666706,0.0,0.15867303027932084,0.0,0.05434391420139639,0.06303391617288888,0.48765107724645296,0.0,0.0,0.5818689631095078,0.05784110932352716,0.0,0.01711867666859011,0.04516760024895528,0.6173037849076218,0.09562739284377789
184,0.8934955882835307,0.846767545925577,0.9747411860969796,0.6678368611254518,0.0,0.7963967705926639,0.8196196827685651,0.8785693833459147,0.9355370298565335,0.8711975182217939,0.5857036024652518,0.703197708330633,0.9761552188935718,0.7548236716018475,0.8722569209993247,0.6213877298717355,0.8940253777976153,0.9426676432291667,0.6309942710908193,0.0,0.0,0.0,0.8831425897934213,0.9001781235232106,1.0,1.0,0.8764271578626883,0.9088211334807401,0.9399754845629357,0.0,0.26351221388728596,0.0,0.0,0.0
211,0.8934955882835307,0.846767545925577,0.9747411860969796,0.6678368611254518,0.0,0.2951117572233327,0.8196196827685651,0.8785693833459147,0.9355370298565335,0.3884856333955785,0.02091338095360891,0.6403582677675668,0.9761552188935718,0.7548236716018475,0.8476958136394328,0.3419358162056354,0.875565899381496,0.907958984375,0.5939744670951232,0.0,0.0,0.0,0.8831425897934213,0.9001781235232106,0.9686459975477316,0.0,0.8764271578626883,0.9088211334807401,0.9399754845629357,0.0,0.26351221388728596,0.0,0.0,0.9188807967989867
212,0.8934955882835307,0.846767545925577,0.9221601622256217,0.6678368611254518,0.0,0.3465901715947146,0.8196196827685651,0.8785693833459147,0.9355370298565335,0.45608698271188475,0.07452487170891461,0.4580487109359811,0.9406538330105936,0.6743859800578411,0.05156988521269413,0.11981661773038686,0.031116495568449917,0.0,0.44060255329048775,0.0,0.0,0.0,0.8831425897934213,0.9001781235232106,1.0,0.4762532981530343,0.8764271578626883,0.9088211334807401,0.9399754845629357,0.0,0.11322690260947617,0.0,0.0,0.9188807967989867
213,0.9835667661626268,0.9713259538389072,0.9221601622256217,0.9683531233866804,0.9734315211898058,0.3465901715947146,0.9847242249459263,1.0000000000000002,1.0,0.45608698271188475,0.07452487170891461,0.7391670663262,1.0,0.9263607717874565,0.05156988521269413,0.1641855114270506,0.031116495568449917,0.0,0.9182249105766717,0.9522696929238985,0.0,0.9856074766355141,0.9819693370762255,1.0,0.0,0.4762532981530343,0.9809331709544833,1.0,1.0,0.0,0.0,0.0,0.0,1.0
214,0.8934955882835307,0.846767545925577,0.9747411860969796,0.6678368611254518,0.0,0.4054671477895174,0.8196196827685651,0.8785693833459147,0.9355370298565335,0.5721793867839288,0.07452487170891461,0.6610714332006897,0.9761552188935718,0.7548236716018475,0.8722569209993247,0.395405140884974,0.8940253777976153,0.9426676432291667,0.5939744670951232,0.0,0.0,0.0,0.8831425897934213,0.9001781235232106,0.0,0.4762532981530343,0.8764271578626883,0.9088211334807401,0.9399754845629357,0.0,0.0,0.0,0.0,0.9188807967989867
215,1.0,1.0,0.9999999999999999,1.0,1.0,0.20876924275070743,1.0,1.0000000000000002,1.0,0.13774772604059995,0.003842285773227778,0.9195582573980221,1.0,1.0000000000000002,1.0,0.5671113858411032,0.9906905566537014,0.9886474609375,0.9182249105766717,0.9863818424566089,0.9410844221891871,0.955607476635514,1.0000000000000002,1.0,0.0,0.0,1.0,1.0,1.0,0.0,0.0,0.0,0.0,1.0
216,0.8934955882835307,0.846767545925577,0.9747411860969796,0.6678368611254518,0.0,0.4054671477895174,0.8196196827685651,0.8785693833459147,0.9355370298565335,0.5721793867839288,0.048479847340055185,0.6799958521821412,0.9761552188935718,0.7548236716018475,0.8722569209993247,0.4811895808650561,0.8940253777976153,0.9426676432291667,0.5939744670951232,0.0,0.0,0.0,0.8831425897934213,0.9001781235232106,0.0,0.2717678100263852,0.8764271578626883,0.9088211334807401,0.9399754845629357,0.0,0.0,0.0,0.0,0.9188807967989867
226,0.802177977498606,0.739195713612812,0.0,0.0,0.0,0.4857090937410764,0.5521359048305694,0.6448707603404743,0.7520356727413726,0.720604180471056,0.3017870496918435,0.32863679373679505,0.7238865474427613,0.5484525402512195,0.6508693450371371,0.18480743144628173,0.7131607473060002,0.7407633463541666,0.35551225753918636,0.0,0.0,0.0,0.6809184481393509,0.6959176996619288,0.0,0.7955145118733509,0.6625818237174608,0.0,0.7247376082126714,0.0,0.0,0.0,0.0,0.5952387806212038
230,0.05687670154492079,0.027260951483749414,0.06602867409014905,0.01109963861641714,0.022814237239188507,0.01186365878352068,0.04774242970439797,0.08631595387458678,0.05370298565335402,0.0007680260225287634,0.0,0.036798921567356674,0.0,0.020201148184918204,0.1290935178933153,0.024571163653222074,0.3428553210482689,0.28466796875000006,0.03414080902666706,0.0,0.15867303027932084,0.0,0.05434391420139639,0.06303391617288888,0.48765107724645296,0.0,0.0,0.5818689631095078,0.05784110932352716,0.0,0.01711867666859011,0.04516760024895528,0.6173037849076218,0.0
231,1.0,1.0,0.9999999999999999,1.0,1.0,0.4054671477895174,1.0,1.0000000000000002,1.0,0.5721793867839288,0.07452487170891461,0.9384826763794738,1.0,1.0000000000000002,1.0,0.6528958258211853,0.9906905566537014,0.9886474609375,0.9182249105766717,0.9863818424566089,0.9410844221891871,0.9856074766355141,1.0000000000000002,1.0,0.0,0.4762532981530343,1.0,1.0,1.0,0.0,0.0,0.0,0.0,0.0
237,0.05687670154492079,0.027260951483749414,0.06602867409014905,0.01109963861641714,0.022814237239188507,0.01186365878352068,0.04774242970439797,0.08631595387458678,0.05370298565335402,0.0007680260225287634,0.0,0.036798921567356674,0.0,0.020201148184918204,0.1290935178933153,0.024571163653222074,0.3428553210482689,0.28466796875000006,0.03414080902666706,0.0,0.15867303027932084,0.0,0.05434391420139639,0.06303391617288888,0.0,0.0,0.0,0.5818689631095078,0.05784110932352716,0.0,0.0,0.0,0.0,0.09562739284377789
248,0.8934955882835307,0.846767545925577,0.9747411860969796,0.6678368611254518,0.0,0.4054671477895174,0.8196196827685651,0.8785693833459147,0.9355370298565335,0.5721793867839288,0.07452487170891461,0.6610714332006897,0.9761552188935718,0.7548236716018475,0.8722569209993247,0.395405140884974,0.8940253777976153,0.9426676432291667,0.5939744670951232,0.0,0.0,0.0,0.8831425897934213,0.9001781235232106,1.0,0.4762532981530343,0.8764271578626883,0.9088211334807401,0.9399754845629357,0.0,0.26351221388728596,0.0,0.0,0.0
251,0.05687670154492079,0.027260951483749414,0.06602867409014905,0.01109963861641714,0.0,0.01186365878352068,0.04774242970439797,0.08631595387458678,0.05370298565335402,0.0007680260225287634,0.0,0.036798921567356674,0.0,0.020201148184918204,0.1290935178933153,0.024571163653222074,0.3428553210482689,0.28466796875000006,0.03414080902666706,0.0,0.0,0.0,0.05434391420139639,0.06303391617288888,0.48765107724645296,0.0,0.0,0.5818689631095078,0.05784110932352716,0.0,0.01711867666859011,0.0,0.0,0.09562739284377789
253,0.8934955882835307,0.846767545925577,0.9747411860969796,0.6678368611254518,0.0,0.5367981101217518,0.8196196827685651,0.8785693833459147,0.9355370298565335,0.720604180471056,0.3278320740607029,0.6799958521821412,0.9761552188935718,0.7548236716018475,0.8722569209993247,0.4811895808650561,0.8940253777976153,0.9426676432291667,0.5939744670951232,0.0,0.0,0.0,0.8831425897934213,0.9001781235232106,0.0,1.0,0.8764271578626883,0.9088211334807401,0.9399754845629357,0.0,0.0,0.0,0.0,0.0
255,0.9835667661626268,0.9713259538389072,0.9221601622256217,0.9683531233866804,0.9734315211898058,0.3465901715947146,0.9847242249459263,1.0000000000000002,1.0,0.45608698271188475,0.07452487170891461,0.7391670663262,1.0,0.9263607717874565,0.05156988521269413,0.1641855114270506,0.031116495568449917,0.0,0.9182249105766717,0.9522696929238985,0.0,0.9856074766355141,0.9819693370762255,1.0,1.0,0.4762532981530343,0.9809331709544833,1.0,1.0,0.0,0.11322690260947617,0.0,0.0,0.0
286,0.8934955882835307,0.846767545925577,0.9221601622256217,0.6678368611254518,0.0,0.2951117572233327,0.8196196827685651,0.8785693833459147,0.9355370298565335,0.35509909041624,0.02091338095360891,0.4580487109359811,0.9406538330105936,0.6743859800578411,0.05156988521269413,0.11981661773038686,0.031116495568449917,0.0,0.44060255329048775,0.0,0.0,0.0,0.8831425897934213,0.9001781235232106,0.9686459975477316,0.0,0.8764271578626883,0.9088211334807401,0.9399754845629357,0.0,0.11322690260947617,0.0,0.0,0.9188807967989867
287,0.9835667661626268,0.9713259538389072,0.9221601622256217,0.9683531233866804,0.9734315211898058,0.20876924275070743,0.9847242249459263,1.0000000000000002,1.0,0.13774772604059995,0.003842285773227778,0.7391670663262,1.0,0.9263607717874565,0.05156988521269413,0.1641855114270506,0.031116495568449917,0.0,0.9182249105766717,0.9522696929238985,0.0,0.955607476635514,0.9819693370762255,1.0,0.0,0.0,0.9809331709544833,1.0,1.0,0.0,0.0,0.0,0.0,1.0
299,0.8934955882835307,0.846767545925577,0.9747411860969796,0.6678368611254518,0.0,0.2951117572233327,0.8196196827685651,0.8785693833459147,0.9355370298565335,0.3884856333955785,0.02091338095360891,0.6403582677675668,0.9761552188935718,0.7548236716018475,0.8476958136394328,0.3419358162056354,0.875565899381496,0.907958984375,0.5939744670951232,0.0,0.0,0.0,0.8831425897934213,0.9001781235232106,0.0,0.0,0.8764271578626883,0.9088211334807401,0.9399754845629357,0.0,0.0,0.0,0.0,0.9188807967989867
300,0.8934955882835307,0.846767545925577,0.9221601622256217,0.6678368611254518,0.0,0.3465901715947146,0.8196196827685651,0.8785693833459147,0.9355370298565335,0.45608698271188475,0.07452487170891461,0.4580487109359811,0.9406538330105936,0.6743859800578411,0.05156988521269413,0.11981661773038686,0.031116495568449917,0.0,0.44060255329048775,0.0,0.0,0.0,0.8831425897934213,0.9001781235232106,0.0,0.4762532981530343,0.8764271578626883,0.9088211334807401,0.9399754845629357,0.0,0.0,0.0,0.0,0.9188807967989867
301,0.8934955882835307,0.846767545925577,0.9747411860969796,0.6678368611254518,0.0,0.20876924275070743,0.8196196827685651,0.8785693833459147,0.9355370298565335,0.13774772604059995,0.003842285773227778,0.6610714332006897,0.9761552188935718,0.7548236716018475,0.8722569209993247,0.395405140884974,0.8940253777976153,0.9426676432291667,0.5939744670951232,0.0,0.0,0.0,0.8831425897934213,0.9001781235232106,0.0,0.0,0.8764271578626883,0.9088211334807401,0.9399754845629357,0.0,0.0,0.0,0.0,0.9188807967989867
302,0.8934955882835307,0.846767545925577,0.4217866163862108,0.6678368611254518,0.0,0.3465901715947146,0.8196196827685651,0.8785693833459147,0.9355370298565335,0.45608698271188475,0.048479847340055185,0.5789187157318955,0.9761552188935718,0.7548236716018475,0.05156988521269413,0.1641855114270506,0.031116495568449917,0.0,0.5939744670951232,0.0,0.0,0.0,0.8831425897934213,0.9001781235232106,0.0,0.2717678100263852,0.8764271578626883,0.9088211334807401,0.9399754845629357,0.0,0.0,0.0,0.0,0.9188807967989867
303,0.802177977498606,0.739195713612812,0.0,0.0,0.0,0.3543781314088419,0.5521359048305694,0.6448707603404743,0.7520356727413726,0.5721793867839288,0.048479847340055185,0.32863679373679505,0.7238865474427613,0.5484525402512195,0.6508693450371371,0.18480743144628173,0.7131607473060002,0.7407633463541666,0.35551225753918636,0.0,0.0,0.0,0.6809184481393509,0.6959176996619288,0.0,0.2717678100263852,0.6625818237174608,0.0,0.7247376082126714,0.0,0.0,0.0,0.0,0.5952387806212038
313,0.05687670154492079,0.027260951483749414,0.06602867409014905,0.01109963861641714,0.022814237239188507,0.01186365878352068,0.04774242970439797,0.08631595387458678,0.05370298565335402,0.0007680260225287634,0.0,0.036798921567356674,0.0,0.020201148184918204,0.1290935178933153,0.024571163653222074,0.3428553210482689,0.27062988281250006,0.03414080902666706,0.0,0.15867303027932084,0.0,0.05434391420139639,0.06303391617288888,0.48765107724645296,0.0,0.0,0.5818689631095078,0.05784110932352716,0.0,0.01711867666859011,0.04516760024895528,0.14478098568255918,0.0
314,0.05687670154492079,0.027260951483749414,0.06602867409014905,0.01109963861641714,0.022814237239188507,0.01186365878352068,0.04774242970439797,0.08631595387458678,0.05370298565335402,0.0007680260225287634,0.0,0.036798921567356674,0.0,0.020201148184918204,0.1290935178933153,0.024571163653222074,0.3428553210482689,0.28466796875000006,0.03414080902666706,0.0,0.15867303027932084,0.0,0.05434391420139639,0.06303391617288888,0.0,0.0,0.0,0.5818689631095078,0.05784110932352716,0.0,0.0,0.0,0.0,0.0
315,0.9835667661626268,0.9713259538389072,0.9747411860969796,0.9683531233866804,0.9734315211898058,0.20876924275070743,0.9847242249459263,1.0000000000000002,1.0,0.13774772604059995,0.003842285773227778,0.8213197837949943,1.0,0.9263607717874565,0.8722569209993247,0.395405140884974,0.8940253777976153,0.9426676432291667,0.9182249105766717,0.9522696929238985,0.15867303027932084,0.955607476635514,0.9819693370762255,1.0,0.0,0.0,0.9809331709544833,1.0,1.0,0.0,0.0,0.0,0.0,0.0
319,0.00734739397120084,0.0,0.006296915578640292,0.0,0.0,0.0,0.0014419610670511893,0.0032797980060910534,0.005234587049243893,0.0,0.0,0.0,0.0,0.0,0.005443956785955435,0.0,0.10999171076962316,0.06070963541666667,0.005147294035536686,0.0,0.020968625303184413,0.0,0.0,0.008142789632483915,0.0,0.0,0.0,0.0,0.0,0.0,0.0,0.0,0.10305722251098615,0.019603327672068856
327,0.8934955882835307,0.846767545925577,0.9747411860969796,0.6678368611254518,0.0,0.2951117572233327,0.8196196827685651,0.8785693833459147,0.9355370298565335,0.3884856333955785,0.02091338095360891,0.6403582677675668,0.9761552188935718,0.7548236716018475,0.8476958136394328,0.3419358162056354,0.875565899381496,0.907958984375,0.5939744670951232,0.0,0.0,0.0,0.8831425897934213,0.9001781235232106,0.9686459975477316,0.0,0.8764271578626883,0.9088211334807401,0.9399754845629357,0.0,0.13034557927806628,0.0,0.0,0.0
334,0.8934955882835307,0.846767545925577,0.9747411860969796,0.6678368611254518,0.0,0.4054671477895174,0.8196196827685651,0.8785693833459147,0.9355370298565335,0.5721793867839288,0.07452487170891461,0.6610714332006897,0.9761552188935718,0.7548236716018475,0.8722569209993247,0.395405140884974,0.8940253777976153,0.9426676432291667,0.5939744670951232,0.0,0.0,0.0,0.8831425897934213,0.9001781235232106,0.0,0.4762532981530343,0.8764271578626883,0.9088211334807401,0.9399754845629357,0.0,0.0,0.0,0.0,0.0
335,0.8934955882835307,0.846767545925577,0.9747411860969796,0.6678368611254518,0.0,0.4054671477895174,0.8196196827685651,0.8785693833459147,0.9355370298565335,0.5721793867839288,0.048479847340055185,0.6610714332006897,0.9761552188935718,0.7548236716018475,0.8722569209993247,0.395405140884974,0.8940253777976153,0.9426676432291667,0.5939744670951232,0.0,0.0,0.0,0.8831425897934213,0.9001781235232106,0.0,0.2717678100263852,0.8764271578626883,0.9088211334807401,0.9399754845629357,0.0,0.0,0.0,0.0,0.0
336,0.05687670154492079,0.027260951483749414,0.06602867409014905,0.01109963861641714,0.0,0.01186365878352068,0.04774242970439797,0.08631595387458678,0.05370298565335402,0.0007680260225287634,0.0,0.036798921567356674,0.0,0.020201148184918204,0.1290935178933153,0.024571163653222074,0.3428553210482689,0.28466796875000006,0.03414080902666706,0.0,0.0,0.0,0.05434391420139639,0.06303391617288888,0.48765107724645296,0.0,0.0,0.5818689631095078,0.05784110932352716,0.0,0.01711867666859011,0.0,0.0,0.0
338,0.05687670154492079,0.027260951483749414,0.0,0.0,0.0,0.01186365878352068,0.04774242970439797,0.08631595387458678,0.05370298565335402,0.0007680260225287634,0.0,0.036798921567356674,0.0,0.020201148184918204,0.1290935178933153,0.024571163653222074,0.3428553210482689,0.28466796875000006,0.03414080902666706,0.0,0.0,0.0,0.05434391420139639,0.06303391617288888,0.0,0.0,0.0,0.0,0.05784110932352716,0.0,0.0,0.0,0.0,0.09562739284377789
339,0.05687670154492079,0.027260951483749414,0.06602867409014905,0.01109963861641714,0.0,0.01186365878352068,0.04774242970439797,0.08631595387458678,0.05370298565335402,0.0007680260225287634,0.0,0.036798921567356674,0.0,0.020201148184918204,0.1290935178933153,0.024571163653222074,0.3428553210482689,0.28466796875000006,0.03414080902666706,0.0,0.0,0.0,0.05434391420139639,0.06303391617288888,0.0,0.0,0.0,0.5818689631095078,0.05784110932352716,0.0,0.0,0.0,0.0,0.09562739284377789
340,0.802177977498606,0.739195713612812,0.0,0.0,0.0,0.3543781314088419,0.5521359048305694,0.6448707603404743,0.7520356727413726,0.5721793867839288,0.048479847340055185,0.32863679373679505,0.7238865474427613,0.5484525402512195,0.6508693450371371,0.18480743144628173,0.7131607473060002,0.7407633463541666,0.35551225753918636,0.0,0.0,0.0,0.6809184481393509,0.6959176996619288,0.0,0.2717678100263852,0.6625818237174608,0.0,0.7247376082126714,0.0,0.0,0.0,0.0,0.0
342,0.9835667661626268,0.9713259538389072,0.9221601622256217,0.9683531233866804,0.9734315211898058,0.3465901715947146,0.9847242249459263,1.0000000000000002,1.0,0.45608698271188475,0.07452487170891461,0.7391670663262,1.0,0.9263607717874565,0.05156988521269413,0.1641855114270506,0.031116495568449917,0.0,0.9182249105766717,0.9522696929238985,0.0,0.955607476635514,0.9819693370762255,1.0,0.0,0.4762532981530343,0.9809331709544833,1.0,1.0,0.0,0.0,0.0,0.0,0.0
343,0.8934955882835307,0.846767545925577,0.9221601622256217,0.6678368611254518,0.0,0.3465901715947146,0.8196196827685651,0.8785693833459147,0.9355370298565335,0.45608698271188475,0.07452487170891461,0.4580487109359811,0.9406538330105936,0.6743859800578411,0.05156988521269413,0.11981661773038686,0.031116495568449917,0.0,0.44060255329048775,0.0,0.0,0.0,0.8831425897934213,0.9001781235232106,0.9686459975477316,0.4762532981530343,0.8764271578626883,0.9088211334807401,0.9399754845629357,0.0,0.11322690260947617,0.0,0.0,0.0
350,0.04952930757371995,0.027260951483749414,0.05973175851150876,0.01109963861641714,0.022814237239188507,0.01186365878352068,0.046300468637346784,0.08303615586849572,0.048468398604110126,0.0007680260225287634,0.0,0.036798921567356674,0.0,0.020201148184918204,0.020594193112761644,0.010851834681227357,0.04256200981954983,0.0,0.02899351499113037,0.0,0.0,0.0,0.05434391420139639,0.05489112654040496,0.48765107724645296,0.0,0.0,0.5818689631095078,0.05784110932352716,0.0,0.0,0.04516760024895528,0.04172376317157303,0.07602406517170904
398,0.8934955882835307,0.846767545925577,0.9221601622256217,0.6678368611254518,0.0,0.2951117572233327,0.8196196827685651,0.8785693833459147,0.9355370298565335,0.35509909041624,0.02091338095360891,0.4580487109359811,0.9406538330105936,0.6743859800578411,0.05156988521269413,0.11981661773038686,0.031116495568449917,0.0,0.44060255329048775,0.0,0.0,0.0,0.8831425897934213,0.9001781235232106,0.0,0.0,0.8764271578626883,0.9088211334807401,0.9399754845629357,0.0,0.0,0.0,0.0,0.9188807967989867
399,0.7706563453275167,0.7342498822421102,0.4217866163862108,0.8998451213216314,0.7219695328857122,0.20876924275070743,0.7917042177361211,0.7956633781919464,1.0,0.06999578338654297,0.003842285773227778,0.2776834437257774,0.8546151801647872,0.5157120041438253,0.0,0.03688250141657652,0.0,0.0,0.4755285427632537,0.6675567423230975,0.0,0.9345794392523364,0.9395378967825525,0.9571412992111673,0.0,0.0,0.9360633277515604,1.0,1.0,0.0,0.0,0.0,0.0,0.9188807967989867
400,0.8934955882835307,0.846767545925577,0.4217866163862108,0.6678368611254518,0.0,0.20876924275070743,0.8196196827685651,0.8785693833459147,0.9355370298565335,0.13774772604059995,0.003842285773227778,0.5789187157318955,0.9761552188935718,0.7548236716018475,0.05156988521269413,0.1641855114270506,0.031116495568449917,0.0,0.5939744670951232,0.0,0.0,0.0,0.8831425897934213,0.9001781235232106,0.0,0.0,0.8764271578626883,0.9088211334807401,0.9399754845629357,0.0,0.0,0.0,0.0,0.9188807967989867
401,0.8934955882835307,0.846767545925577,0.9221601622256217,0.6678368611254518,0.0,0.20876924275070743,0.8196196827685651,0.8785693833459147,0.9355370298565335,0.13774772604059995,0.003842285773227778,0.4580487109359811,0.9406538330105936,0.6743859800578411,0.05156988521269413,0.11981661773038686,0.031116495568449917,0.0,0.44060255329048775,0.0,0.0,0.0,0.8831425897934213,0.9001781235232106,0.0,0.0,0.8764271578626883,0.9088211334807401,0.9399754845629357,0.0,0.0,0.0,0.0,0.9188807967989867
402,0.802177977498606,0.739195713612812,0.6950087160695861,0.5162622612287042,0.0,0.2563017574829314,0.6609589041095889,0.6957336595777911,0.9037902287708415,0.24679236190590928,0.02091338095360891,0.2637364061750639,0.8583361810380834,0.5484525402512195,0.0,0.04847267295111523,0.0,0.0,0.20882891790502223,0.0,0.0,0.0,0.7829482473187936,0.7989748809480534,0.2744788929760028,0.0,0.7704749581367027,0.16495985104154545,0.8333333333333333,0.0,0.031352183112136944,0.0,0.0,0.8349981289041135
414,0.802177977498606,0.739195713612812,0.0,0.0,0.0,0.2440227408426573,0.5521359048305694,0.6448707603404743,0.7520356727413726,0.3884856333955785,0.014956548647463833,0.32863679373679505,0.7238865474427613,0.5484525402512195,0.6508693450371371,0.18480743144628173,0.7131607473060002,0.7407633463541666,0.35551225753918636,0.0,0.0,0.0,0.6809184481393509,0.6959176996619288,0.0,0.0,0.6625818237174608,0.0,0.7247376082126714,0.0,0.0,0.0,0.0,0.5952387806212038
415,0.802177977498606,0.739195713612812,0.0,0.0,0.0,0.29550115521403914,0.5521359048305694,0.6448707603404743,0.7520356727413726,0.45608698271188475,0.048479847340055185,0.31415831702290375,0.7238865474427613,0.5484525402512195,0.05156988521269413,0.10115214890365563,0.031116495568449917,0.0,0.35551225753918636,0.0,0.0,0.0,0.6809184481393509,0.6959176996619288,0.0,0.2717678100263852,0.6625818237174608,0.0,0.7247376082126714,0.0,0.0,0.0,0.0,0.5952387806212038
416,0.802177977498606,0.739195713612812,0.0,0.0,0.0,0.15768022637003196,0.5521359048305694,0.6448707603404743,0.7520356727413726,0.13774772604059995,0.003842285773227778,0.32863679373679505,0.7238865474427613,0.5484525402512195,0.6508693450371371,0.18480743144628173,0.7131607473060002,0.7407633463541666,0.35551225753918636,0.0,0.0,0.0,0.6809184481393509,0.6959176996619288,0.0,0.0,0.6625818237174608,0.0,0.7247376082126714,0.0,0.0,0.0,0.0,0.5952387806212038
423,0.00734739397120084,0.0,0.006296915578640292,0.0,0.0,0.0,0.0014419610670511893,0.0032797980060910534,0.005234587049243893,0.0,0.0,0.0,0.0,0.0,0.005443956785955435,0.0,0.10999171076962316,0.06070963541666667,0.005147294035536686,0.0,0.020968625303184413,0.0,0.0,0.008142789632483915,0.0,0.0,0.0,0.0,0.0,0.0,0.0,0.0,0.10305722251098615,0.0
428,0.00734739397120084,0.0,0.006296915578640292,0.0,0.0,0.0,0.0014419610670511893,0.0032797980060910534,0.005234587049243893,0.0,0.0,0.0,0.0,0.0,0.005443956785955435,0.0,0.10999171076962316,0.06070963541666667,0.005147294035536686,0.0,0.020968625303184413,0.0,0.0,0.008142789632483915,0.0,0.0,0.0,0.0,0.0,0.0,0.0,0.0,0.0,0.019603327672068856
430,0.0,0.0,0.0,0.0,0.0,0.0,0.0,0.0,0.0,0.0,0.0,0.0,0.0,0.0,0.0,0.0,0.0,0.0,0.0,0.0,0.07362491197871841,0.0,0.0,0.0,0.0,0.0,0.0,0.0,0.0,0.0,0.0,0.0,0.0,0.0
437,0.8934955882835307,0.846767545925577,0.9747411860969796,0.6678368611254518,0.0,0.2951117572233327,0.8196196827685651,0.8785693833459147,0.9355370298565335,0.3884856333955785,0.02091338095360891,0.6403582677675668,0.9761552188935718,0.7548236716018475,0.8476958136394328,0.3419358162056354,0.875565899381496,0.907958984375,0.5939744670951232,0.0,0.0,0.0,0.8831425897934213,0.9001781235232106,0.0,0.0,0.8764271578626883,0.9088211334807401,0.9399754845629357,0.0,0.0,0.0,0.0,0.0
438,0.8934955882835307,0.846767545925577,0.9747411860969796,0.6678368611254518,0.0,0.20876924275070743,0.8196196827685651,0.8785693833459147,0.9355370298565335,0.13774772604059995,0.003842285773227778,0.6403582677675668,0.9761552188935718,0.7548236716018475,0.8476958136394328,0.3419358162056354,0.875565899381496,0.907958984375,0.5939744670951232,0.0,0.0,0.0,0.8831425897934213,0.9001781235232106,0.0,0.0,0.8764271578626883,0.9088211334807401,0.9399754845629357,0.0,0.0,0.0,0.0,0.0
445,0.05687670154492079,0.027260951483749414,0.0,0.0,0.0,0.01186365878352068,0.04774242970439797,0.08631595387458678,0.05370298565335402,0.0007680260225287634,0.0,0.036798921567356674,0.0,0.020201148184918204,0.1290935178933153,0.024571163653222074,0.3428553210482689,0.28466796875000006,0.03414080902666706,0.0,0.0,0.0,0.05434391420139639,0.06303391617288888,0.0,0.0,0.0,0.0,0.05784110932352716,0.0,0.0,0.0,0.0,0.0
446,0.802177977498606,0.739195713612812,0.0,0.0,0.0,0.29550115521403914,0.5521359048305694,0.6448707603404743,0.7520356727413726,0.4894735256912234,0.048479847340055185,0.32863679373679505,0.7238865474427613,0.5484525402512195,0.6508693450371371,0.18480743144628173,0.7131607473060002,0.7407633463541666,0.35551225753918636,0.0,0.0,0.0,0.6809184481393509,0.6959176996619288,0.0,0.2717678100263852,0.6625818237174608,0.0,0.7247376082126714,0.0,0.0,0.0,0.0,0.0
447,0.05687670154492079,0.027260951483749414,0.06602867409014905,0.01109963861641714,0.0,0.01186365878352068,0.04774242970439797,0.08631595387458678,0.05370298565335402,0.0007680260225287634,0.0,0.036798921567356674,0.0,0.020201148184918204,0.1290935178933153,0.024571163653222074,0.3428553210482689,0.28466796875000006,0.03414080902666706,0.0,0.0,0.0,0.05434391420139639,0.06303391617288888,0.0,0.0,0.0,0.5818689631095078,0.05784110932352716,0.0,0.0,0.0,0.0,0.0
449,0.9448945452159938,0.924075600565238,0.9221601622256217,0.8998451213216314,0.7447837701249007,0.20876924275070743,0.9139554794520546,0.9554884556316215,1.0,0.13774772604059995,0.003842285773227778,0.6123604972196659,0.9761552188935718,0.7548236716018475,0.05156988521269413,0.1641855114270506,0.031116495568449917,0.0,0.8847820397243146,0.6675567423230975,0.0,0.9345794392523364,0.9395378967825525,0.9571412992111673,0.0,0.0,0.9360633277515604,1.0,1.0,0.0,0.0,0.0,0.0,0.0
450,0.8934955882835307,0.846767545925577,0.9221601622256217,0.6678368611254518,0.0,0.2951117572233327,0.8196196827685651,0.8785693833459147,0.9355370298565335,0.35509909041624,0.02091338095360891,0.4580487109359811,0.9406538330105936,0.6743859800578411,0.05156988521269413,0.11981661773038686,0.031116495568449917,0.0,0.44060255329048775,0.0,0.0,0.0,0.8831425897934213,0.9001781235232106,0.7621299702224558,0.0,0.8764271578626883,0.9088211334807401,0.9399754845629357,0.0,0.031352183112136944,0.0,0.0,0.0
451,0.8934955882835307,0.846767545925577,0.9221601622256217,0.6678368611254518,0.0,0.3465901715947146,0.8196196827685651,0.8785693833459147,0.9355370298565335,0.45608698271188475,0.05443667964620026,0.4580487109359811,0.9406538330105936,0.6743859800578411,0.05156988521269413,0.11981661773038686,0.031116495568449917,0.0,0.44060255329048775,0.0,0.0,0.0,0.8831425897934213,0.9001781235232106,0.0,0.2717678100263852,0.8764271578626883,0.9088211334807401,0.9399754845629357,0.0,0.0,0.0,0.0,0.0
453,0.8934955882835307,0.846767545925577,0.4217866163862108,0.6678368611254518,0.0,0.3465901715947146,0.8196196827685651,0.8785693833459147,0.9355370298565335,0.45608698271188475,0.048479847340055185,0.5789187157318955,0.9761552188935718,0.7548236716018475,0.05156988521269413,0.1641855114270506,0.031116495568449917,0.0,0.5939744670951232,0.0,0.0,0.0,0.8831425897934213,0.9001781235232106,0.0,0.2717678100263852,0.8764271578626883,0.9088211334807401,0.9399754845629357,0.0,0.0,0.0,0.0,0.0
459,0.05687670154492079,0.027260951483749414,0.06602867409014905,0.01109963861641714,0.022814237239188507,0.01186365878352068,0.04774242970439797,0.08631595387458678,0.05370298565335402,0.0007680260225287634,0.0,0.004951457569119497,0.0,0.020201148184918204,0.0,0.004052267380964646,0.0,0.0,0.03414080902666706,0.0,0.0,0.0,0.05434391420139639,0.06303391617288888,0.0,0.0,0.0,0.5818689631095078,0.05784110932352716,0.0,0.0,0.0,0.0,0.09562739284377789
460,0.04952930757371995,0.027260951483749414,0.05973175851150876,0.01109963861641714,0.022814237239188507,0.01186365878352068,0.046300468637346784,0.08303615586849572,0.048468398604110126,0.0007680260225287634,0.0,0.036798921567356674,0.0,0.020201148184918204,0.020594193112761644,0.010851834681227357,0.04256200981954983,0.0,0.02899351499113037,0.0,0.0,0.0,0.05434391420139639,0.05489112654040496,0.0,0.0,0.0,0.5818689631095078,0.05784110932352716,0.0,0.0,0.0,0.0,0.07602406517170904
461,0.04952930757371995,0.027260951483749414,0.05973175851150876,0.01109963861641714,0.0,0.01186365878352068,0.046300468637346784,0.08303615586849572,0.048468398604110126,0.0007680260225287634,0.0,0.036798921567356674,0.0,0.020201148184918204,0.020594193112761644,0.010851834681227357,0.04256200981954983,0.0,0.02899351499113037,0.0,0.0,0.0,0.05434391420139639,0.05489112654040496,0.48765107724645296,0.0,0.0,0.5818689631095078,0.05784110932352716,0.0,0.0,0.0,0.0,0.07602406517170904
462,0.05687670154492079,0.027260951483749414,0.06602867409014905,0.01109963861641714,0.0,0.01186365878352068,0.04774242970439797,0.08631595387458678,0.05370298565335402,0.0007680260225287634,0.0,0.022320444853465373,0.0,0.020201148184918204,0.0,0.010851834681227357,0.0,0.0,0.03414080902666706,0.0,0.0,0.0,0.05434391420139639,0.06303391617288888,0.48765107724645296,0.0,0.0,0.5818689631095078,0.05784110932352716,0.0,0.0,0.0,0.0,0.09562739284377789
499,0.04952930757371995,0.027260951483749414,0.05973175851150876,0.01109963861641714,0.022814237239188507,0.01186365878352068,0.046300468637346784,0.08303615586849572,0.048468398604110126,0.0007680260225287634,0.0,0.036798921567356674,0.0,0.020201148184918204,0.020594193112761644,0.010851834681227357,0.04256200981954983,0.0,0.02899351499113037,0.0,0.0,0.0,0.05434391420139639,0.05489112654040496,0.48765107724645296,0.0,0.0,0.5818689631095078,0.05784110932352716,0.0,0.0,0.0,0.0,0.0
519,0.00734739397120084,0.0,0.006296915578640292,0.0,0.0,0.0,0.0014419610670511893,0.0032797980060910534,0.005234587049243893,0.0,0.0,0.0,0.0,0.0,0.005443956785955435,0.0,0.10999171076962316,0.06070963541666667,0.005147294035536686,0.0,0.0,0.0,0.0,0.008142789632483915,0.0,0.0,0.0,0.0,0.0,0.0,0.0,0.0,0.0,0.019603327672068856
546,0.7192573883950537,0.6569418276024493,0.4217866163862108,0.6678368611254518,0.0,0.20876924275070743,0.6973684210526314,0.7187443059062395,0.9355370298565335,0.06999578338654297,0.003842285773227778,0.24424166223800697,0.8546151801647872,0.5157120041438253,0.0,0.03688250141657652,0.0,0.0,0.1847209701340623,0.0,0.0,0.0,0.8831425897934213,0.9001781235232106,0.0,0.0,0.8764271578626883,0.9088211334807401,0.9399754845629357,0.0,0.0,0.0,0.0,0.9188807967989867
547,0.802177977498606,0.739195713612812,0.0,0.0,0.0,0.2440227408426573,0.5521359048305694,0.6448707603404743,0.7520356727413726,0.35509909041624,0.014956548647463833,0.31415831702290375,0.7238865474427613,0.5484525402512195,0.05156988521269413,0.10115214890365563,0.031116495568449917,0.0,0.35551225753918636,0.0,0.0,0.0,0.6809184481393509,0.6959176996619288,0.0,0.0,0.6625818237174608,0.0,0.7247376082126714,0.0,0.0,0.0,0.0,0.5952387806212038
548,0.802177977498606,0.739195713612812,0.0,0.0,0.0,0.15768022637003196,0.5521359048305694,0.6448707603404743,0.7520356727413726,0.13774772604059995,0.003842285773227778,0.31415831702290375,0.7238865474427613,0.5484525402512195,0.05156988521269413,0.10115214890365563,0.031116495568449917,0.0,0.35551225753918636,0.0,0.0,0.0,0.6809184481393509,0.6959176996619288,0.0,0.0,0.6625818237174608,0.0,0.7247376082126714,0.0,0.0,0.0,0.0,0.5952387806212038
549,0.802177977498606,0.739195713612812,0.6950087160695861,0.5162622612287042,0.0,0.2563017574829314,0.6609589041095889,0.6957336595777911,0.9037902287708415,0.24679236190590928,0.02091338095360891,0.2637364061750639,0.8583361810380834,0.5484525402512195,0.0,0.04847267295111523,0.0,0.0,0.20882891790502223,0.0,0.0,0.0,0.7829482473187936,0.7989748809480534,0.0,0.0,0.7704749581367027,0.16495985104154545,0.8333333333333333,0.0,0.0,0.0,0.0,0.8349981289041135
557,0.00734739397120084,0.0,0.006296915578640292,0.0,0.0,0.0,0.0014419610670511893,0.0032797980060910534,0.005234587049243893,0.0,0.0,0.0,0.0,0.0,0.005443956785955435,0.0,0.10999171076962316,0.06070963541666667,0.005147294035536686,0.0,0.020968625303184413,0.0,0.0,0.008142789632483915,0.0,0.0,0.0,0.0,0.0,0.0,0.0,0.0,0.024760194679393277,0.0
561,0.00734739397120084,0.0,0.006296915578640292,0.0,0.0,0.0,0.0014419610670511893,0.0032797980060910534,0.005234587049243893,0.0,0.0,0.0,0.0,0.0,0.005443956785955435,0.0,0.10999171076962316,0.06070963541666667,0.005147294035536686,0.0,0.020968625303184413,0.0,0.0,0.008142789632483915,0.0,0.0,0.0,0.0,0.0,0.0,0.0,0.0,0.0,0.0
562,0.05687670154492079,0.027260951483749414,0.06602867409014905,0.01109963861641714,0.022814237239188507,0.01186365878352068,0.04774242970439797,0.08631595387458678,0.05370298565335402,0.0007680260225287634,0.0,0.036798921567356674,0.0,0.020201148184918204,0.1290935178933153,0.024571163653222074,0.3428553210482689,0.27062988281250006,0.03414080902666706,0.0,0.07362491197871841,0.0,0.05434391420139639,0.06303391617288888,0.0,0.0,0.0,0.5818689631095078,0.05784110932352716,0.0,0.0,0.0,0.0,0.0
570,0.8934955882835307,0.846767545925577,0.9221601622256217,0.6678368611254518,0.0,0.20876924275070743,0.8196196827685651,0.8785693833459147,0.9355370298565335,0.13774772604059995,0.003842285773227778,0.5933971924457868,0.9761552188935718,0.7548236716018475,0.6508693450371371,0.2478407939696767,0.7131607473060002,0.7407633463541666,0.5939744670951232,0.0,0.0,0.0,0.8831425897934213,0.9001781235232106,0.0,0.0,0.8764271578626883,0.9088211334807401,0.9399754845629357,0.0,0.0,0.0,0.0,0.0
576,0.802177977498606,0.739195713612812,0.0,0.0,0.0,0.2440227408426573,0.5521359048305694,0.6448707603404743,0.7520356727413726,0.35509909041624,0.014956548647463833,0.32863679373679505,0.7238865474427613,0.5484525402512195,0.6508693450371371,0.18480743144628173,0.7131607473060002,0.7407633463541666,0.35551225753918636,0.0,0.0,0.0,0.6809184481393509,0.6959176996619288,0.0,0.0,0.6625818237174608,0.0,0.7247376082126714,0.0,0.0,0.0,0.0,0.0
577,0.802177977498606,0.739195713612812,0.0,0.0,0.0,0.15768022637003196,0.5521359048305694,0.6448707603404743,0.7520356727413726,0.13774772604059995,0.003842285773227778,0.32863679373679505,0.7238865474427613,0.5484525402512195,0.6508693450371371,0.18480743144628173,0.7131607473060002,0.7407633463541666,0.35551225753918636,0.0,0.0,0.0,0.6809184481393509,0.6959176996619288,0.0,0.0,0.6625818237174608,0.0,0.7247376082126714,0.0,0.0,0.0,0.0,0.0
583,0.8934955882835307,0.846767545925577,0.9221601622256217,0.6678368611254518,0.0,0.20876924275070743,0.8196196827685651,0.8785693833459147,0.9355370298565335,0.13774772604059995,0.003842285773227778,0.4580487109359811,0.9406538330105936,0.6743859800578411,0.05156988521269413,0.11981661773038686,0.031116495568449917,0.0,0.44060255329048775,0.0,0.0,0.0,0.8831425897934213,0.9001781235232106,0.0,0.0,0.8764271578626883,0.9088211334807401,0.9399754845629357,0.0,0.0,0.0,0.0,0.0
584,0.8934955882835307,0.846767545925577,0.9221601622256217,0.6678368611254518,0.0,0.2951117572233327,0.8196196827685651,0.8785693833459147,0.9355370298565335,0.35509909041624,0.02091338095360891,0.4580487109359811,0.9406538330105936,0.6743859800578411,0.05156988521269413,0.11981661773038686,0.031116495568449917,0.0,0.44060255329048775,0.0,0.0,0.0,0.8831425897934213,0.9001781235232106,0.0,0.0,0.8764271578626883,0.9088211334807401,0.9399754845629357,0.0,0.0,0.0,0.0,0.0
585,0.7192573883950537,0.6569418276024493,0.4217866163862108,0.6678368611254518,0.0,0.20876924275070743,0.6973684210526314,0.7187443059062395,0.9355370298565335,0.06999578338654297,0.003842285773227778,0.24424166223800697,0.8546151801647872,0.5157120041438253,0.0,0.03688250141657652,0.0,0.0,0.1847209701340623,0.0,0.0,0.0,0.8831425897934213,0.9001781235232106,0.0,0.0,0.8764271578626883,0.9088211334807401,0.9399754845629357,0.0,0.0,0.0,0.0,0.0
586,0.8934955882835307,0.846767545925577,0.4217866163862108,0.6678368611254518,0.0,0.20876924275070743,0.8196196827685651,0.8785693833459147,0.9355370298565335,0.13774772604059995,0.003842285773227778,0.5789187157318955,0.9761552188935718,0.7548236716018475,0.05156988521269413,0.1641855114270506,0.031116495568449917,0.0,0.5939744670951232,0.0,0.0,0.0,0.8831425897934213,0.9001781235232106,0.0,0.0,0.8764271578626883,0.9088211334807401,0.9399754845629357,0.0,0.0,0.0,0.0,0.0
587,0.802177977498606,0.739195713612812,0.6950087160695861,0.5162622612287042,0.0,0.2563017574829314,0.6609589041095889,0.6957336595777911,0.9037902287708415,0.24679236190590928,0.02091338095360891,0.2637364061750639,0.8583361810380834,0.5484525402512195,0.0,0.04847267295111523,0.0,0.0,0.20882891790502223,0.0,0.0,0.0,0.7829482473187936,0.7989748809480534,0.0,0.0,0.7704749581367027,0.16495985104154545,0.8333333333333333,0.0,0.0,0.0,0.0,0.0
588,0.802177977498606,0.739195713612812,0.0,0.0,0.0,0.2440227408426573,0.5521359048305694,0.6448707603404743,0.7520356727413726,0.35509909041624,0.014956548647463833,0.31415831702290375,0.7238865474427613,0.5484525402512195,0.05156988521269413,0.10115214890365563,0.031116495568449917,0.0,0.35551225753918636,0.0,0.0,0.0,0.6809184481393509,0.6959176996619288,0.0,0.0,0.6625818237174608,0.0,0.7247376082126714,0.0,0.0,0.0,0.0,0.0
597,0.05687670154492079,0.027260951483749414,0.0,0.0,0.0,0.01186365878352068,0.04774242970439797,0.08631595387458678,0.05370298565335402,0.0007680260225287634,0.0,0.004951457569119497,0.0,0.020201148184918204,0.0,0.004052267380964646,0.0,0.0,0.03414080902666706,0.0,0.0,0.0,0.05434391420139639,0.06303391617288888,0.0,0.0,0.0,0.0,0.05784110932352716,0.0,0.0,0.0,0.0,0.09562739284377789
600,0.04952930757371995,0.027260951483749414,0.0,0.0,0.0,0.01186365878352068,0.046300468637346784,0.08303615586849572,0.048468398604110126,0.0007680260225287634,0.0,0.036798921567356674,0.0,0.020201148184918204,0.020594193112761644,0.010851834681227357,0.04256200981954983,0.0,0.02899351499113037,0.0,0.0,0.0,0.05434391420139639,0.05489112654040496,0.0,0.0,0.0,0.0,0.05784110932352716,0.0,0.0,0.0,0.0,0.07602406517170904
601,0.05687670154492079,0.027260951483749414,0.06602867409014905,0.01109963861641714,0.0,0.01186365878352068,0.04774242970439797,0.08631595387458678,0.05370298565335402,0.0007680260225287634,0.0,0.004951457569119497,0.0,0.020201148184918204,0.0,0.004052267380964646,0.0,0.0,0.03414080902666706,0.0,0.0,0.0,0.05434391420139639,0.06303391617288888,0.0,0.0,0.0,0.5818689631095078,0.05784110932352716,0.0,0.0,0.0,0.0,0.09562739284377789
602,0.04952930757371995,0.027260951483749414,0.05973175851150876,0.01109963861641714,0.0,0.01186365878352068,0.046300468637346784,0.08303615586849572,0.048468398604110126,0.0007680260225287634,0.0,0.036798921567356674,0.0,0.020201148184918204,0.020594193112761644,0.010851834681227357,0.04256200981954983,0.0,0.02899351499113037,0.0,0.0,0.0,0.05434391420139639,0.05489112654040496,0.0,0.0,0.0,0.5818689631095078,0.05784110932352716,0.0,0.0,0.0,0.0,0.07602406517170904
604,0.05687670154492079,0.027260951483749414,0.06602867409014905,0.01109963861641714,0.0,0.01186365878352068,0.04774242970439797,0.08631595387458678,0.05370298565335402,0.0007680260225287634,0.0,0.022320444853465373,0.0,0.020201148184918204,0.0,0.010851834681227357,0.0,0.0,0.03414080902666706,0.0,0.0,0.0,0.05434391420139639,0.06303391617288888,0.0,0.0,0.0,0.5818689631095078,0.05784110932352716,0.0,0.0,0.0,0.0,0.09562739284377789
641,0.05687670154492079,0.027260951483749414,0.0,0.0,0.0,0.01186365878352068,0.04774242970439797,0.08631595387458678,0.05370298565335402,0.0007680260225287634,0.0,0.036798921567356674,0.0,0.020201148184918204,0.1290935178933153,0.024571163653222074,0.3428553210482689,0.27062988281250006,0.03414080902666706,0.0,0.0,0.0,0.05434391420139639,0.06303391617288888,0.0,0.0,0.0,0.0,0.05784110932352716,0.0,0.0,0.0,0.0,0.0
645,0.05687670154492079,0.027260951483749414,0.06602867409014905,0.01109963861641714,0.022814237239188507,0.01186365878352068,0.04774242970439797,0.08631595387458678,0.05370298565335402,0.0007680260225287634,0.0,0.004951457569119497,0.0,0.020201148184918204,0.0,0.004052267380964646,0.0,0.0,0.03414080902666706,0.0,0.0,0.0,0.05434391420139639,0.06303391617288888,0.0,0.0,0.0,0.5818689631095078,0.05784110932352716,0.0,0.0,0.0,0.0,0.0
646,0.04952930757371995,0.027260951483749414,0.05973175851150876,0.01109963861641714,0.022814237239188507,0.01186365878352068,0.046300468637346784,0.08303615586849572,0.048468398604110126,0.0007680260225287634,0.0,0.036798921567356674,0.0,0.020201148184918204,0.020594193112761644,0.010851834681227357,0.04256200981954983,0.0,0.02899351499113037,0.0,0.0,0.0,0.05434391420139639,0.05489112654040496,0.0,0.0,0.0,0.5818689631095078,0.05784110932352716,0.0,0.0,0.0,0.0,0.0
647,0.05687670154492079,0.027260951483749414,0.06602867409014905,0.01109963861641714,0.0,0.01186365878352068,0.04774242970439797,0.08631595387458678,0.05370298565335402,0.0007680260225287634,0.0,0.022320444853465373,0.0,0.020201148184918204,0.0,0.010851834681227357,0.0,0.0,0.03414080902666706,0.0,0.0,0.0,0.05434391420139639,0.06303391617288888,0.48765107724645296,0.0,0.0,0.5818689631095078,0.05784110932352716,0.0,0.0,0.0,0.0,0.0
648,0.04952930757371995,0.027260951483749414,0.05973175851150876,0.01109963861641714,0.0,0.01186365878352068,0.046300468637346784,0.08303615586849572,0.048468398604110126,0.0007680260225287634,0.0,0.036798921567356674,0.0,0.020201148184918204,0.020594193112761644,0.010851834681227357,0.04256200981954983,0.0,0.02899351499113037,0.0,0.0,0.0,0.05434391420139639,0.05489112654040496,0.48765107724645296,0.0,0.0,0.5818689631095078,0.05784110932352716,0.0,0.0,0.0,0.0,0.0
662,0.00734739397120084,0.0,0.006296915578640292,0.0,0.0,0.0,0.0014419610670511893,0.0032797980060910534,0.005234587049243893,0.0,0.0,0.0,0.0,0.0,0.005443956785955435,0.0,0.02002167952560097,0.0,0.005147294035536686,0.0,0.0,0.0,0.0,0.008142789632483915,0.0,0.0,0.0,0.0,0.0,0.0,0.0,0.0,0.011718565420781552,0.019603327672068856
672,0.00734739397120084,0.0,0.006296915578640292,0.0,0.0,0.0,0.0014419610670511893,0.0032797980060910534,0.005234587049243893,0.0,0.0,0.0,0.0,0.0,0.005443956785955435,0.0,0.10999171076962316,0.06070963541666667,0.005147294035536686,0.0,0.0,0.0,0.0,0.008142789632483915,0.0,0.0,0.0,0.0,0.0,0.0,0.0,0.0,0.0,0.0
680,0.00734739397120084,0.0,0.0,0.0,0.0,0.0,0.0014419610670511893,0.0032797980060910534,0.005234587049243893,0.0,0.0,0.0,0.0,0.0,0.005443956785955435,0.0,0.10999171076962316,0.06070963541666667,0.005147294035536686,0.0,0.0,0.0,0.0,0.008142789632483915,0.0,0.0,0.0,0.0,0.0,0.0,0.0,0.0,0.0,0.019603327672068856
707,0.0,0.0,0.0,0.0,0.0,0.0,0.0,0.0,0.0,0.0,0.0,0.0,0.0,0.0,0.0,0.0,0.011413632595804375,0.0,0.0,0.0,0.0,0.0,0.0,0.0,0.0,0.0,0.0,0.0,0.0,0.0,0.0,0.0,0.013041629258611727,0.0
713,0.802177977498606,0.739195713612812,0.6950087160695861,0.5162622612287042,0.0,0.20876924275070743,0.6609589041095889,0.6957336595777911,0.9037902287708415,0.13774772604059995,0.003842285773227778,0.2637364061750639,0.8583361810380834,0.5484525402512195,0.0,0.04847267295111523,0.0,0.0,0.20882891790502223,0.0,0.0,0.0,0.7829482473187936,0.7989748809480534,0.0,0.0,0.7704749581367027,0.16495985104154545,0.8333333333333333,0.0,0.0,0.0,0.0,0.8349981289041135
722,0.627939777610129,0.5493699952896844,0.0,0.0,0.0,0.15768022637003196,0.4298846431146358,0.4850456829007992,0.7520356727413726,0.06999578338654297,0.003842285773227778,0.10035126832492969,0.637847894596955,0.3897785643372038,0.0,0.018218032589845296,0.0,0.0,0.09963067438276092,0.0,0.0,0.0,0.6809184481393509,0.6959176996619288,0.0,0.0,0.6625818237174608,0.0,0.7247376082126714,0.0,0.0,0.0,0.0,0.5952387806212038
723,0.802177977498606,0.739195713612812,0.0,0.0,0.0,0.20521274110225593,0.5192411679884642,0.5833615326548143,0.7520356727413726,0.24679236190590928,0.014956548647463833,0.22997057641706314,0.7238865474427613,0.5484525402512195,0.0,0.04847267295111523,0.0,0.0,0.20882891790502223,0.0,0.0,0.0,0.6809184481393509,0.6959176996619288,0.0,0.0,0.6625818237174608,0.0,0.7247376082126714,0.0,0.0,0.0,0.0,0.5952387806212038
725,0.802177977498606,0.739195713612812,0.0,0.0,0.0,0.11635211962306276,0.5521359048305694,0.6448707603404743,0.7520356727413726,0.03401903499789169,0.0,0.32863679373679505,0.7238865474427613,0.5484525402512195,0.6026755570560431,0.18480743144628173,0.6927883695721483,0.6915690104166666,0.35551225753918636,0.0,0.0,0.0,0.6809184481393509,0.6959176996619288,0.0,0.0,0.6625818237174608,0.0,0.7247376082126714,0.0,0.0,0.0,0.0,0.5952387806212038
738,0.802177977498606,0.739195713612812,0.0,0.0,0.0,0.15768022637003196,0.5521359048305694,0.6448707603404743,0.7520356727413726,0.13774772604059995,0.003842285773227778,0.32863679373679505,0.7238865474427613,0.5484525402512195,0.6026755570560431,0.18480743144628173,0.6927883695721483,0.6915690104166666,0.35551225753918636,0.0,0.0,0.0,0.6809184481393509,0.6959176996619288,0.0,0.0,0.6625818237174608,0.0,0.7247376082126714,0.0,0.0,0.0,0.0,0.0
744,0.8934955882835307,0.846767545925577,0.7610373901597353,0.6678368611254518,0.0,0.20876924275070743,0.8196196827685651,0.8785693833459147,0.9355370298565335,0.13774772604059995,0.003842285773227778,0.4580487109359811,0.9406538330105936,0.6743859800578411,0.05156988521269413,0.11981661773038686,0.031116495568449917,0.0,0.44060255329048775,0.0,0.0,0.0,0.8831425897934213,0.9001781235232106,0.0,0.0,0.8764271578626883,0.9088211334807401,0.9399754845629357,0.0,0.0,0.0,0.0,0.0
745,0.8934955882835307,0.846767545925577,0.4217866163862108,0.6678368611254518,0.0,0.20876924275070743,0.8196196827685651,0.8785693833459147,0.9355370298565335,0.07993494367809169,0.003842285773227778,0.4580487109359811,0.9406538330105936,0.6743859800578411,0.05156988521269413,0.11981661773038686,0.031116495568449917,0.0,0.44060255329048775,0.0,0.0,0.0,0.8831425897934213,0.9001781235232106,0.0,0.0,0.8764271578626883,0.9088211334807401,0.9399754845629357,0.0,0.0,0.0,0.0,0.0
747,0.802177977498606,0.739195713612812,0.0,0.0,0.0,0.20521274110225593,0.5521359048305694,0.6448707603404743,0.7520356727413726,0.24679236190590928,0.014956548647463833,0.31415831702290375,0.7238865474427613,0.5484525402512195,0.05156988521269413,0.10115214890365563,0.031116495568449917,0.0,0.35551225753918636,0.0,0.0,0.0,0.6809184481393509,0.6959176996619288,0.0,0.0,0.6625818237174608,0.0,0.7247376082126714,0.0,0.0,0.0,0.0,0.0
748,0.802177977498606,0.739195713612812,0.0,0.0,0.0,0.15768022637003196,0.5521359048305694,0.6448707603404743,0.7520356727413726,0.13774772604059995,0.003842285773227778,0.31415831702290375,0.7238865474427613,0.5484525402512195,0.05156988521269413,0.10115214890365563,0.031116495568449917,0.0,0.35551225753918636,0.0,0.0,0.0,0.6809184481393509,0.6959176996619288,0.0,0.0,0.6625818237174608,0.0,0.7247376082126714,0.0,0.0,0.0,0.0,0.0
750,0.04952930757371995,0.027260951483749414,0.05973175851150876,0.01109963861641714,0.022814237239188507,0.01186365878352068,0.046300468637346784,0.08303615586849572,0.048468398604110126,0.0007680260225287634,0.0,0.004951457569119497,0.0,0.020201148184918204,0.0,0.004052267380964646,0.0,0.0,0.02899351499113037,0.0,0.0,0.0,0.05434391420139639,0.05489112654040496,0.0,0.0,0.0,0.5818689631095078,0.05784110932352716,0.0,0.0,0.0,0.0,0.07602406517170904
751,0.04952930757371995,0.027260951483749414,0.05973175851150876,0.01109963861641714,0.0,0.01186365878352068,0.046300468637346784,0.08303615586849572,0.048468398604110126,0.0007680260225287634,0.0,0.022320444853465373,0.0,0.020201148184918204,0.0,0.010851834681227357,0.0,0.0,0.02899351499113037,0.0,0.0,0.0,0.05434391420139639,0.05489112654040496,0.48765107724645296,0.0,0.0,0.5818689631095078,0.05784110932352716,0.0,0.0,0.0,0.0,0.07602406517170904
776,0.05687670154492079,0.027260951483749414,0.0,0.0,0.0,0.01186365878352068,0.04774242970439797,0.08631595387458678,0.05370298565335402,0.0007680260225287634,0.0,0.022320444853465373,0.0,0.020201148184918204,0.0,0.010851834681227357,0.0,0.0,0.03414080902666706,0.0,0.0,0.0,0.05434391420139639,0.06303391617288888,0.0,0.0,0.0,0.0,0.05784110932352716,0.0,0.0,0.0,0.0,0.09562739284377789
811,0.05687670154492079,0.027260951483749414,0.06602867409014905,0.01109963861641714,0.0,0.01186365878352068,0.04774242970439797,0.08631595387458678,0.05370298565335402,0.0007680260225287634,0.0,0.004951457569119497,0.0,0.020201148184918204,0.0,0.004052267380964646,0.0,0.0,0.03414080902666706,0.0,0.0,0.0,0.05434391420139639,0.06303391617288888,0.0,0.0,0.0,0.5818689631095078,0.05784110932352716,0.0,0.0,0.0,0.0,0.0
812,0.05687670154492079,0.027260951483749414,0.06602867409014905,0.01109963861641714,0.0,0.01186365878352068,0.04774242970439797,0.08631595387458678,0.05370298565335402,0.0007680260225287634,0.0,0.022320444853465373,0.0,0.020201148184918204,0.0,0.010851834681227357,0.0,0.0,0.03414080902666706,0.0,0.0,0.0,0.05434391420139639,0.06303391617288888,0.0,0.0,0.0,0.5818689631095078,0.05784110932352716,0.0,0.0,0.0,0.0,0.0
814,0.04952930757371995,0.027260951483749414,0.05973175851150876,0.01109963861641714,0.0,0.01186365878352068,0.046300468637346784,0.08303615586849572,0.048468398604110126,0.0007680260225287634,0.0,0.036798921567356674,0.0,0.020201148184918204,0.020594193112761644,0.010851834681227357,0.04256200981954983,0.0,0.02899351499113037,0.0,0.0,0.0,0.05434391420139639,0.05489112654040496,0.0,0.0,0.0,0.5818689631095078,0.05784110932352716,0.0,0.0,0.0,0.0,0.0
816,0.05687670154492079,0.027260951483749414,0.0,0.0,0.0,0.01186365878352068,0.04774242970439797,0.08631595387458678,0.05370298565335402,0.0007680260225287634,0.0,0.004951457569119497,0.0,0.020201148184918204,0.0,0.004052267380964646,0.0,0.0,0.03414080902666706,0.0,0.0,0.0,0.05434391420139639,0.06303391617288888,0.0,0.0,0.0,0.0,0.05784110932352716,0.0,0.0,0.0,0.0,0.0
817,0.04952930757371995,0.027260951483749414,0.0,0.0,0.0,0.01186365878352068,0.046300468637346784,0.08303615586849572,0.048468398604110126,0.0007680260225287634,0.0,0.036798921567356674,0.0,0.020201148184918204,0.020594193112761644,0.010851834681227357,0.04256200981954983,0.0,0.02899351499113037,0.0,0.0,0.0,0.05434391420139639,0.05489112654040496,0.0,0.0,0.0,0.0,0.05784110932352716,0.0,0.0,0.0,0.0,0.0
826,0.00734739397120084,0.0,0.006296915578640292,0.0,0.0,0.0,0.0014419610670511893,0.0032797980060910534,0.005234587049243893,0.0,0.0,0.0,0.0,0.0,0.005443956785955435,0.0,0.02002167952560097,0.0,0.005147294035536686,0.0,0.0,0.0,0.0,0.008142789632483915,0.0,0.0,0.0,0.0,0.0,0.0,0.0,0.0,0.0,0.0
836,0.00734739397120084,0.0,0.006296915578640292,0.0,0.0,0.0,0.0014419610670511893,0.0032797980060910534,0.005234587049243893,0.0,0.0,0.0,0.0,0.0,0.0,0.0,0.0,0.0,0.005147294035536686,0.0,0.0,0.0,0.0,0.008142789632483915,0.0,0.0,0.0,0.0,0.0,0.0,0.0,0.0,0.0,0.019603327672068856
837,0.00734739397120084,0.0,0.006296915578640292,0.0,0.0,0.0,0.0014419610670511893,0.0032797980060910534,0.005234587049243893,0.0,0.0,0.0,0.0,0.0,0.005443956785955435,0.0,0.02002167952560097,0.0,0.005147294035536686,0.0,0.0,0.0,0.0,0.008142789632483915,0.0,0.0,0.0,0.0,0.0,0.0,0.0,0.0,0.0,0.019603327672068856
838,0.00734739397120084,0.0,0.006296915578640292,0.0,0.0,0.0,0.0014419610670511893,0.0032797980060910534,0.005234587049243893,0.0,0.0,0.0,0.0,0.0,0.0,0.0,0.0,0.0,0.005147294035536686,0.0,0.0,0.0,0.0,0.008142789632483915,0.0,0.0,0.0,0.0,0.0,0.0,0.0,0.0,0.0,0.019603327672068856
839,0.00734739397120084,0.0,0.006296915578640292,0.0,0.0,0.0,0.0014419610670511893,0.0032797980060910534,0.005234587049243893,0.0,0.0,0.0,0.0,0.0,0.005443956785955435,0.0,0.02002167952560097,0.0,0.005147294035536686,0.0,0.0,0.0,0.0,0.008142789632483915,0.0,0.0,0.0,0.0,0.0,0.0,0.0,0.0,0.0,0.019603327672068856
852,0.00734739397120084,0.0,0.0,0.0,0.0,0.0,0.0014419610670511893,0.0032797980060910534,0.005234587049243893,0.0,0.0,0.0,0.0,0.0,0.005443956785955435,0.0,0.10999171076962316,0.06070963541666667,0.005147294035536686,0.0,0.0,0.0,0.0,0.008142789632483915,0.0,0.0,0.0,0.0,0.0,0.0,0.0,0.0,0.0,0.0
900,0.0,0.0,0.0,0.0,0.0,0.0,0.0,0.0,0.0,0.0,0.0,0.0,0.0,0.0,0.0,0.0,0.011413632595804375,0.0,0.0,0.0,0.0,0.0,0.0,0.0,0.0,0.0,0.0,0.0,0.0,0.0,0.0,0.0,0.0,0.0
902,0.0,0.0,0.0,0.0,0.0,0.0,0.0,0.0,0.0,0.0,0.0,0.0,0.0,0.0,0.0,0.0,0.011413632595804375,0.0,0.0,0.0,0.0,0.0,0.0,0.0,0.0,0.0,0.0,0.0,0.0,0.0,0.0,0.0,0.0,0.0
908,0.627939777610129,0.5493699952896844,0.3557579422960617,0.5162622612287042,0.0,0.20876924275070743,0.5387076423936552,0.535908582138116,0.9037902287708415,0.06999578338654297,0.003842285773227778,0.13411709808293046,0.7722975281922771,0.3897785643372038,0.0,0.015161661429626196,0.0,0.0,0.07566813039811557,0.0,0.0,0.0,0.7829482473187936,0.7989748809480534,0.0,0.0,0.7704749581367027,0.16495985104154545,0.8333333333333333,0.0,0.0,0.0,0.0,0.5952387806212038
909,0.802177977498606,0.739195713612812,0.0,0.0,0.0,0.15768022637003196,0.5192411679884642,0.5833615326548143,0.7520356727413726,0.13774772604059995,0.003842285773227778,0.22997057641706314,0.7238865474427613,0.5484525402512195,0.0,0.04847267295111523,0.0,0.0,0.20882891790502223,0.0,0.0,0.0,0.6809184481393509,0.6959176996619288,0.0,0.0,0.6625818237174608,0.0,0.7247376082126714,0.0,0.0,0.0,0.0,0.5952387806212038
923,0.802177977498606,0.739195713612812,0.0,0.0,0.0,0.11635211962306276,0.5521359048305694,0.6448707603404743,0.7520356727413726,0.03401903499789169,0.0,0.32863679373679505,0.7238865474427613,0.5484525402512195,0.18066340310600945,0.11487147787565034,0.37397181661671886,0.28466796875000006,0.35551225753918636,0.0,0.0,0.0,0.6809184481393509,0.6959176996619288,0.0,0.0,0.6625818237174608,0.0,0.7247376082126714,0.0,0.0,0.0,0.0,0.0
926,0.627939777610129,0.5493699952896844,0.4217866163862108,0.5273618998451214,0.0,0.20876924275070743,0.5716023792357605,0.597417809823776,0.9037902287708415,0.06999578338654297,0.003842285773227778,0.13411709808293046,0.7722975281922771,0.3897785643372038,0.0,0.018218032589845296,0.0,0.0,0.09963067438276092,0.0,0.0,0.0,0.7829482473187936,0.7989748809480534,0.0,0.0,0.7704749581367027,0.7468288141510532,0.8333333333333333,0.0,0.0,0.0,0.0,0.0
927,0.802177977498606,0.739195713612812,0.3557579422960617,0.5162622612287042,0.0,0.20876924275070743,0.6609589041095889,0.6957336595777911,0.9037902287708415,0.13774772604059995,0.003842285773227778,0.2637364061750639,0.8583361810380834,0.5484525402512195,0.0,0.04847267295111523,0.0,0.0,0.20882891790502223,0.0,0.0,0.0,0.7829482473187936,0.7989748809480534,0.0,0.0,0.7704749581367027,0.16495985104154545,0.8333333333333333,0.0,0.0,0.0,0.0,0.0
930,0.627939777610129,0.5493699952896844,0.0,0.0,0.0,0.15768022637003196,0.4298846431146358,0.4850456829007992,0.7520356727413726,0.06999578338654297,0.003842285773227778,0.10035126832492969,0.637847894596955,0.3897785643372038,0.0,0.018218032589845296,0.0,0.0,0.09963067438276092,0.0,0.0,0.0,0.6809184481393509,0.6959176996619288,0.0,0.0,0.6625818237174608,0.0,0.7247376082126714,0.0,0.0,0.0,0.0,0.0
931,0.802177977498606,0.739195713612812,0.0,0.0,0.0,0.15768022637003196,0.5192411679884642,0.5833615326548143,0.7520356727413726,0.13774772604059995,0.003842285773227778,0.22997057641706314,0.7238865474427613,0.5484525402512195,0.0,0.04847267295111523,0.0,0.0,0.20882891790502223,0.0,0.0,0.0,0.6809184481393509,0.6959176996619288,0.0,0.0,0.6625818237174608,0.0,0.7247376082126714,0.0,0.0,0.0,0.0,0.0
934,0.05687670154492079,0.027260951483749414,0.0,0.0,0.0,0.01186365878352068,0.014847692862292717,0.024806726188926778,0.05370298565335402,0.0007680260225287634,0.0,0.004951457569119497,0.0,0.020201148184918204,0.0,0.0009958962207455486,0.0,0.0,0.010178265042021696,0.0,0.0,0.0,0.05434391420139639,0.06303391617288888,0.0,0.0,0.0,0.0,0.05784110932352716,0.0,0.0,0.0,0.0,0.09562739284377789
935,0.04952930757371995,0.027260951483749414,0.0,0.0,0.0,0.01186365878352068,0.046300468637346784,0.08303615586849572,0.048468398604110126,0.0007680260225287634,0.0,0.004951457569119497,0.0,0.020201148184918204,0.0,0.004052267380964646,0.0,0.0,0.02899351499113037,0.0,0.0,0.0,0.05434391420139639,0.05489112654040496,0.0,0.0,0.0,0.0,0.05784110932352716,0.0,0.0,0.0,0.0,0.07602406517170904
936,0.04952930757371995,0.027260951483749414,0.05973175851150876,0.01109963861641714,0.0,0.01186365878352068,0.046300468637346784,0.08303615586849572,0.048468398604110126,0.0007680260225287634,0.0,0.004951457569119497,0.0,0.020201148184918204,0.0,0.004052267380964646,0.0,0.0,0.02899351499113037,0.0,0.0,0.0,0.05434391420139639,0.05489112654040496,0.0,0.0,0.0,0.5818689631095078,0.05784110932352716,0.0,0.0,0.0,0.0,0.07602406517170904
938,0.04952930757371995,0.027260951483749414,0.05973175851150876,0.01109963861641714,0.0,0.01186365878352068,0.046300468637346784,0.08303615586849572,0.048468398604110126,0.0007680260225287634,0.0,0.022320444853465373,0.0,0.020201148184918204,0.0,0.010851834681227357,0.0,0.0,0.02899351499113037,0.0,0.0,0.0,0.05434391420139639,0.05489112654040496,0.0,0.0,0.0,0.5818689631095078,0.05784110932352716,0.0,0.0,0.0,0.0,0.07602406517170904
984,0.04952930757371995,0.027260951483749414,0.05973175851150876,0.01109963861641714,0.0,0.01186365878352068,0.046300468637346784,0.08303615586849572,0.048468398604110126,0.0007680260225287634,0.0,0.004951457569119497,0.0,0.020201148184918204,0.0,0.004052267380964646,0.0,0.0,0.02899351499113037,0.0,0.0,0.0,0.05434391420139639,0.05489112654040496,0.0,0.0,0.0,0.5818689631095078,0.05784110932352716,0.0,0.0,0.0,0.0,0.0
985,0.04952930757371995,0.027260951483749414,0.05973175851150876,0.01109963861641714,0.0,0.01186365878352068,0.046300468637346784,0.08303615586849572,0.048468398604110126,0.0007680260225287634,0.0,0.022320444853465373,0.0,0.020201148184918204,0.0,0.010851834681227357,0.0,0.0,0.02899351499113037,0.0,0.0,0.0,0.05434391420139639,0.05489112654040496,0.0,0.0,0.0,0.5818689631095078,0.05784110932352716,0.0,0.0,0.0,0.0,0.0
997,0.05687670154492079,0.027260951483749414,0.0,0.0,0.0,0.01186365878352068,0.04774242970439797,0.08631595387458678,0.05370298565335402,0.0007680260225287634,0.0,0.022320444853465373,0.0,0.020201148184918204,0.0,0.010851834681227357,0.0,0.0,0.03414080902666706,0.0,0.0,0.0,0.05434391420139639,0.06303391617288888,0.0,0.0,0.0,0.0,0.05784110932352716,0.0,0.0,0.0,0.0,0.0
1008,0.00734739397120084,0.0,0.006296915578640292,0.0,0.0,0.0,0.0014419610670511893,0.0032797980060910534,0.005234587049243893,0.0,0.0,0.0,0.0,0.0,0.0,0.0,0.0,0.0,0.005147294035536686,0.0,0.0,0.0,0.0,0.008142789632483915,0.0,0.0,0.0,0.0,0.0,0.0,0.0,0.0,0.0,0.0
1010,0.00734739397120084,0.0,0.006296915578640292,0.0,0.0,0.0,0.0014419610670511893,0.0032797980060910534,0.005234587049243893,0.0,0.0,0.0,0.0,0.0,0.0,0.0,0.0,0.0,0.005147294035536686,0.0,0.0,0.0,0.0,0.008142789632483915,0.0,0.0,0.0,0.0,0.0,0.0,0.0,0.0,0.0,0.0
1024,0.00734739397120084,0.0,0.0,0.0,0.0,0.0,0.0014419610670511893,0.0032797980060910534,0.005234587049243893,0.0,0.0,0.0,0.0,0.0,0.0,0.0,0.0,0.0,0.005147294035536686,0.0,0.0,0.0,0.0,0.008142789632483915,0.0,0.0,0.0,0.0,0.0,0.0,0.0,0.0,0.0,0.019603327672068856
1027,0.00734739397120084,0.0,0.0,0.0,0.0,0.0,0.0014419610670511893,0.0032797980060910534,0.005234587049243893,0.0,0.0,0.0,0.0,0.0,0.005443956785955435,0.0,0.02002167952560097,0.0,0.005147294035536686,0.0,0.0,0.0,0.0,0.008142789632483915,0.0,0.0,0.0,0.0,0.0,0.0,0.0,0.0,0.0,0.019603327672068856
1087,0.0,0.0,0.0,0.0,0.0,0.0,0.0,0.0,0.0,0.0,0.0,0.0,0.0,0.0,0.0,0.0,0.0025505324236434358,0.0,0.0,0.0,0.0,0.0,0.0,0.0,0.0,0.0,0.0,0.0,0.0,0.0,0.0,0.0,0.0,0.0
1097,0.0,0.0,0.0,0.0,0.0,0.0,0.0,0.0,0.0,0.0,0.0,0.0,0.0,0.0,0.0,0.0,0.011413632595804375,0.0,0.0,0.0,0.0,0.0,0.0,0.0,0.0,0.0,0.0,0.0,0.0,0.0,0.0,0.0,0.0,0.0
1108,0.627939777610129,0.5493699952896844,0.0,0.0,0.0,0.11635211962306276,0.4298846431146358,0.4850456829007992,0.7520356727413726,0.024079874706342992,0.0,0.10035126832492969,0.637847894596955,0.3897785643372038,0.0,0.018218032589845296,0.0,0.0,0.09963067438276092,0.0,0.0,0.0,0.6809184481393509,0.6959176996619288,0.0,0.0,0.6625818237174608,0.0,0.7247376082126714,0.0,0.0,0.0,0.0,0.5952387806212038
1109,0.802177977498606,0.739195713612812,0.0,0.0,0.0,0.11635211962306276,0.5192411679884642,0.5833615326548143,0.7520356727413726,0.03401903499789169,0.0,0.22997057641706314,0.7238865474427613,0.5484525402512195,0.0,0.04847267295111523,0.0,0.0,0.20882891790502223,0.0,0.0,0.0,0.6809184481393509,0.6959176996619288,0.0,0.0,0.6625818237174608,0.0,0.7247376082126714,0.0,0.0,0.0,0.0,0.5952387806212038
1110,0.627939777610129,0.5493699952896844,0.0,0.0,0.0,0.15768022637003196,0.39698990627253056,0.4235364552151392,0.7520356727413726,0.06999578338654297,0.003842285773227778,0.10035126832492969,0.637847894596955,0.3897785643372038,0.0,0.015161661429626196,0.0,0.0,0.07566813039811557,0.0,0.0,0.0,0.6809184481393509,0.6959176996619288,0.0,0.0,0.6625818237174608,0.0,0.7247376082126714,0.0,0.0,0.0,0.0,0.5952387806212038
1118,0.627939777610129,0.5493699952896844,0.0,0.0,0.0,0.15768022637003196,0.39698990627253056,0.4235364552151392,0.7520356727413726,0.06999578338654297,0.003842285773227778,0.10035126832492969,0.637847894596955,0.3897785643372038,0.0,0.015161661429626196,0.0,0.0,0.07566813039811557,0.0,0.0,0.0,0.6809184481393509,0.6959176996619288,0.0,0.0,0.6625818237174608,0.0,0.7247376082126714,0.0,0.0,0.0,0.0,0.0
1120,0.802177977498606,0.739195713612812,0.0,0.0,0.0,0.11635211962306276,0.5521359048305694,0.6448707603404743,0.7520356727413726,0.03401903499789169,0.0,0.24733956370140903,0.7238865474427613,0.5484525402512195,0.0,0.05832861141159704,0.0,0.0,0.2327914618896676,0.0,0.0,0.0,0.6809184481393509,0.6959176996619288,0.0,0.0,0.6625818237174608,0.0,0.7247376082126714,0.0,0.0,0.0,0.0,0.0
1134,0.04952930757371995,0.027260951483749414,0.0,0.0,0.0,0.01186365878352068,0.046300468637346784,0.08303615586849572,0.048468398604110126,0.0007680260225287634,0.0,0.022320444853465373,0.0,0.020201148184918204,0.0,0.010851834681227357,0.0,0.0,0.02899351499113037,0.0,0.0,0.0,0.05434391420139639,0.05489112654040496,0.0,0.0,0.0,0.0,0.05784110932352716,0.0,0.0,0.0,0.0,0.07602406517170904
1157,0.05687670154492079,0.027260951483749414,0.0,0.0,0.0,0.01186365878352068,0.04774242970439797,0.08631595387458678,0.05370298565335402,0.0007680260225287634,0.0,0.036798921567356674,0.0,0.020201148184918204,0.1290935178933153,0.024571163653222074,0.3428553210482689,0.27062988281250006,0.03414080902666706,0.0,0.0,0.0,0.05434391420139639,0.06303391617288888,0.0,0.0,0.0,0.0,0.05784110932352716,0.0,0.0,0.0,0.0,0.0
1166,0.05687670154492079,0.027260951483749414,0.0,0.0,0.0,0.01186365878352068,0.014847692862292717,0.024806726188926778,0.05370298565335402,0.0007680260225287634,0.0,0.004951457569119497,0.0,0.020201148184918204,0.0,0.0009958962207455486,0.0,0.0,0.010178265042021696,0.0,0.0,0.0,0.05434391420139639,0.06303391617288888,0.0,0.0,0.0,0.0,0.05784110932352716,0.0,0.0,0.0,0.0,0.0
1167,0.04952930757371995,0.027260951483749414,0.0,0.0,0.0,0.01186365878352068,0.046300468637346784,0.08303615586849572,0.048468398604110126,0.0007680260225287634,0.0,0.004951457569119497,0.0,0.020201148184918204,0.0,0.004052267380964646,0.0,0.0,0.02899351499113037,0.0,0.0,0.0,0.05434391420139639,0.05489112654040496,0.0,0.0,0.0,0.0,0.05784110932352716,0.0,0.0,0.0,0.0,0.0
1195,0.00734739397120084,0.0,0.0,0.0,0.0,0.0,0.0014419610670511893,0.0032797980060910534,0.005234587049243893,0.0,0.0,0.0,0.0,0.0,0.0,0.0,0.0,0.0,0.005147294035536686,0.0,0.0,0.0,0.0,0.008142789632483915,0.0,0.0,0.0,0.0,0.0,0.0,0.0,0.0,0.0,0.0
1198,0.00734739397120084,0.0,0.0,0.0,0.0,0.0,0.0014419610670511893,0.0032797980060910534,0.005234587049243893,0.0,0.0,0.0,0.0,0.0,0.005443956785955435,0.0,0.02002167952560097,0.0,0.005147294035536686,0.0,0.0,0.0,0.0,0.008142789632483915,0.0,0.0,0.0,0.0,0.0,0.0,0.0,0.0,0.0,0.0
1222,0.00734739397120084,0.0,0.0,0.0,0.0,0.0,0.0014419610670511893,0.0032797980060910534,0.005234587049243893,0.0,0.0,0.0,0.0,0.0,0.0,0.0,0.0,0.0,0.005147294035536686,0.0,0.0,0.0,0.0,0.008142789632483915,0.0,0.0,0.0,0.0,0.0,0.0,0.0,0.0,0.0,0.019603327672068856
1299,0.627939777610129,0.5493699952896844,0.0,0.0,0.0,0.11635211962306276,0.39698990627253056,0.4235364552151392,0.7520356727413726,0.024079874706342992,0.0,0.10035126832492969,0.637847894596955,0.3897785643372038,0.0,0.015161661429626196,0.0,0.0,0.07566813039811557,0.0,0.0,0.0,0.6809184481393509,0.6959176996619288,0.0,0.0,0.6625818237174608,0.0,0.7247376082126714,0.0,0.0,0.0,0.0,0.38348829845418697
1300,0.627939777610129,0.5493699952896844,0.0,0.0,0.0,0.11635211962306276,0.4298846431146358,0.4850456829007992,0.7520356727413726,0.024079874706342992,0.0,0.10035126832492969,0.637847894596955,0.3897785643372038,0.0,0.018218032589845296,0.0,0.0,0.09963067438276092,0.0,0.0,0.0,0.6809184481393509,0.6959176996619288,0.0,0.0,0.6625818237174608,0.0,0.7247376082126714,0.0,0.0,0.0,0.0,0.0
1301,0.627939777610129,0.5493699952896844,0.0,0.0,0.0,0.11635211962306276,0.39698990627253056,0.4235364552151392,0.7520356727413726,0.024079874706342992,0.0,0.10035126832492969,0.637847894596955,0.3897785643372038,0.0,0.015161661429626196,0.0,0.0,0.07566813039811557,0.0,0.0,0.0,0.6809184481393509,0.6959176996619288,0.0,0.0,0.6625818237174608,0.0,0.7247376082126714,0.0,0.0,0.0,0.0,0.0
1302,0.627939777610129,0.5493699952896844,0.0,0.0,0.0,0.11635211962306276,0.39698990627253056,0.4235364552151392,0.7520356727413726,0.024079874706342992,0.0,0.10035126832492969,0.637847894596955,0.3897785643372038,0.0,0.015161661429626196,0.0,0.0,0.07566813039811557,0.0,0.0,0.0,0.6809184481393509,0.6959176996619288,0.0,0.0,0.6625818237174608,0.0,0.7247376082126714,0.0,0.0,0.0,0.0,0.0
1303,0.04952930757371995,0.027260951483749414,0.0,0.0,0.0,0.01186365878352068,0.013405731795241528,0.021526928182835726,0.048468398604110126,0.0007680260225287634,0.0,0.004951457569119497,0.0,0.020201148184918204,0.0,0.0009958962207455486,0.0,0.0,0.00503097100648501,0.0,0.0,0.0,0.05434391420139639,0.05489112654040496,0.0,0.0,0.0,0.0,0.05784110932352716,0.0,0.0,0.0,0.0,0.07602406517170904
1333,0.04952930757371995,0.027260951483749414,0.0,0.0,0.0,0.01186365878352068,0.046300468637346784,0.08303615586849572,0.048468398604110126,0.0007680260225287634,0.0,0.022320444853465373,0.0,0.020201148184918204,0.0,0.010851834681227357,0.0,0.0,0.02899351499113037,0.0,0.0,0.0,0.05434391420139639,0.05489112654040496,0.0,0.0,0.0,0.0,0.05784110932352716,0.0,0.0,0.0,0.0,0.0
1341,0.05687670154492079,0.027260951483749414,0.0,0.0,0.0,0.01186365878352068,0.04774242970439797,0.08631595387458678,0.05370298565335402,0.0007680260225287634,0.0,0.036798921567356674,0.0,0.020201148184918204,0.02603814989871708,0.010851834681227357,0.15255372058917302,0.06070963541666667,0.03414080902666706,0.0,0.0,0.0,0.05434391420139639,0.06303391617288888,0.0,0.0,0.0,0.0,0.05784110932352716,0.0,0.0,0.0,0.0,0.0
1374,0.00734739397120084,0.0,0.0,0.0,0.0,0.0,0.0014419610670511893,0.0032797980060910534,0.005234587049243893,0.0,0.0,0.0,0.0,0.0,0.0,0.0,0.0,0.0,0.005147294035536686,0.0,0.0,0.0,0.0,0.008142789632483915,0.0,0.0,0.0,0.0,0.0,0.0,0.0,0.0,0.0,0.0
1465,0.04952930757371995,0.027260951483749414,0.0,0.0,0.0,0.01186365878352068,0.013405731795241528,0.021526928182835726,0.048468398604110126,0.0007680260225287634,0.0,0.004951457569119497,0.0,0.020201148184918204,0.0,0.0009958962207455486,0.0,0.0,0.00503097100648501,0.0,0.0,0.0,0.05434391420139639,0.05489112654040496,0.0,0.0,0.0,0.0,0.05784110932352716,0.0,0.0,0.0,0.0,0.0
1466,0.29993111818151996,0.2549752708431465,0.0,0.0,0.0,0.07440097609096337,0.17168348954578222,0.16323502616029362,0.5383869716944553,0.008132040238539848,0.0,0.02132237618115595,0.3796939666628698,0.17395433159235119,0.0,0.0009958962207455486,0.0,0.0,0.010178265042021696,0.0,0.0,0.0,0.32102497660692436,0.33240030535461124,0.0,0.0,0.28200639366722485,0.0,0.3416839040833525,0.0,0.0,0.0,0.0,0.0
1467,0.04952930757371995,0.027260951483749414,0.0,0.0,0.0,0.01186365878352068,0.046300468637346784,0.08303615586849572,0.048468398604110126,0.0007680260225287634,0.0,0.004951457569119497,0.0,0.020201148184918204,0.0,0.004052267380964646,0.0,0.0,0.02899351499113037,0.0,0.0,0.0,0.05434391420139639,0.05489112654040496,0.0,0.0,0.0,0.0,0.05784110932352716,0.0,0.0,0.0,0.0,0.0
1476,0.04952930757371995,0.027260951483749414,0.0,0.0,0.0,0.01186365878352068,0.046300468637346784,0.08303615586849572,0.048468398604110126,0.0007680260225287634,0.0,0.022320444853465373,0.0,0.020201148184918204,0.0,0.010851834681227357,0.0,0.0,0.02899351499113037,0.0,0.0,0.0,0.05434391420139639,0.05489112654040496,0.0,0.0,0.0,0.0,0.05784110932352716,0.0,0.0,0.0,0.0,0.0
1566,0.24305441663659919,0.22771431935939707,0.0,0.0,0.0,0.06253731730744269,0.15683579668348951,0.13842829997136685,0.48468398604110124,0.0073640142160110835,0.0,0.01637091861203645,0.3796939666628698,0.153753183407433,0.0,0.0,0.0,0.0,0.0,0.0,0.0,0.0,0.26668106240552797,0.26936638918172234,0.0,0.0,0.28200639366722485,0.0,0.2838427947598253,0.0,0.0,0.0,0.0,0.0
1577,0.04952930757371995,0.027260951483749414,0.0,0.0,0.0,0.01186365878352068,0.046300468637346784,0.08303615586849572,0.048468398604110126,0.0007680260225287634,0.0,0.004951457569119497,0.0,0.020201148184918204,0.0,0.004052267380964646,0.0,0.0,0.02899351499113037,0.0,0.0,0.0,0.05434391420139639,0.05489112654040496,0.0,0.0,0.0,0.0,0.05784110932352716,0.0,0.0,0.0,0.0,0.0
1616,0.00734739397120084,0.0,0.0,0.0,0.0,0.0,0.0014419610670511893,0.0032797980060910534,0.005234587049243893,0.0,0.0,0.0,0.0,0.0,0.005443956785955435,0.0,0.031435312121405344,0.0,0.005147294035536686,0.0,0.0,0.0,0.0,0.008142789632483915,0.0,0.0,0.0,0.0,0.0,0.0,0.0,0.0,0.0,0.0
1638,0.04952930757371995,0.027260951483749414,0.0,0.0,0.0,0.01186365878352068,0.013405731795241528,0.021526928182835726,0.048468398604110126,0.0007680260225287634,0.0,0.004951457569119497,0.0,0.020201148184918204,0.0,0.0009958962207455486,0.0,0.0,0.00503097100648501,0.0,0.0,0.0,0.05434391420139639,0.05489112654040496,0.0,0.0,0.0,0.0,0.05784110932352716,0.0,0.0,0.0,0.0,0.0
1641,0.04952930757371995,0.027260951483749414,0.0,0.0,0.0,0.01186365878352068,0.013405731795241528,0.021526928182835726,0.048468398604110126,0.0007680260225287634,0.0,0.004951457569119497,0.0,0.020201148184918204,0.0,0.0009958962207455486,0.0,0.0,0.00503097100648501,0.0,0.0,0.0,0.05434391420139639,0.05489112654040496,0.0,0.0,0.0,0.0,0.05784110932352716,0.0,0.0,0.0,0.0,0.0
1644,0.00734739397120084,0.0,0.0,0.0,0.0,0.0,0.0014419610670511893,0.0032797980060910534,0.005234587049243893,0.0,0.0,0.0,0.0,0.0,0.0,0.0,0.0,0.0,0.005147294035536686,0.0,0.0,0.0,0.0,0.008142789632483915,0.0,0.0,0.0,0.0,0.0,0.0,0.0,0.0,0.0,0.0
1664,0.00734739397120084,0.0,0.0,0.0,0.0,0.0,0.0014419610670511893,0.0032797980060910534,0.005234587049243893,0.0,0.0,0.0,0.0,0.0,0.0,0.0,0.0,0.0,0.005147294035536686,0.0,0.0,0.0,0.0,0.008142789632483915,0.0,0.0,0.0,0.0,0.0,0.0,0.0,0.0,0.0,0.0
1691,0.00734739397120084,0.0,0.0,0.0,0.0,0.0,0.0014419610670511893,0.0032797980060910534,0.005234587049243893,0.0,0.0,0.0,0.0,0.0,0.0,0.0,0.0,0.0,0.005147294035536686,0.0,0.0,0.0,0.0,0.008142789632483915,0.0,0.0,0.0,0.0,0.0,0.0,0.0,0.0,0.0,0.0
