,0,1,2,3,4,5,6,7,8,9,10,11,12,13,14,15,16,17,18,19,20,21,22,23,24,25,26,27,28,29,30,31,32,33
51,1.0000000000000002,1.0,1.0,0.9999999999999999,1.0,0.9999999999999999,1.0000000000000002,1.0000000000000002,1.0,1.0,1.0000000000000002,1.0,1.0,1.0,1.0,0.9999999999999997,1.0,1.0,0.9999999999999998,1.0,0.9999999999999999,1.0,0.9999999999999999,1.0,1.0,1.0,1.0,1.0,1.0000000000000002,1.0,1.0,1.0,1.0,0.9999999999999999
77,1.0000000000000002,1.0,1.0,0.9999999999999999,1.0,0.9999999999999999,1.0000000000000002,1.0000000000000002,1.0,1.0,1.0000000000000002,1.0,1.0,1.0,1.0,0.9999999999999997,1.0,1.0,0.9999999999999998,1.0,0.9999999999999999,1.0,0.9999999999999999,1.0,1.0,1.0,1.0,1.0,1.0000000000000002,0.0,1.0,1.0,1.0,0.9999999999999999
84,1.0000000000000002,1.0,1.0,0.9999999999999999,1.0,0.9999999999999999,1.0000000000000002,1.0000000000000002,1.0,1.0,1.0000000000000002,1.0,1.0,1.0,1.0,0.9999999999999997,1.0,1.0,0.9999999999999998,1.0,0.9999999999999999,1.0,0.9999999999999999,1.0,1.0,1.0,1.0,1.0,1.0000000000000002,0.4817187725805675,1.0,1.0,1.0,0.0
94,0.0,0.0,0.0,0.0,0.0,0.0,0.0,0.0,0.0,0.0,0.0,0.0,0.0,0.0,0.0,0.0,0.0,0.0,0.0,0.0,0.0,0.0,0.0,0.0,0.0,0.0,0.0,0.0,0.0,0.9482634038248471,0.0,0.0,0.0,0.0
104,1.0000000000000002,1.0,1.0,0.9999999999999999,1.0,0.4054671477895174,1.0000000000000002,1.0000000000000002,1.0,0.5721793867839288,0.07452487170891461,0.9605438826167547,1.0,1.0,1.0,0.7348168752897538,1.0,1.0,0.9182249105766711,0.9863818424566089,0.9895156873484077,0.9856074766355141,0.9999999999999999,1.0,1.0,0.4762532981530343,1.0,1.0,1.0000000000000002,0.0,1.0,1.0,1.0,0.9999999999999999
114,0.8934955882835308,0.846767545925577,0.9747411860969798,0.6678368611254517,0.0,0.7963967705926637,0.8196196827685653,0.8785693833459147,0.9355370298565335,0.8711975182217939,0.585703602465252,0.703197708330633,0.9761552188935718,0.7548236716018475,0.8722569209993248,0.6213877298717351,0.8940253777976153,0.9426676432291666,0.630994271090819,0.0,0.0,0.0,0.883142589793421,0.9001781235232106,1.0,1.0,0.8764271578626883,0.9088211334807401,0.9399754845629358,0.0,0.263512213887286,0.0,0.0,0.9188807967989866
115,1.0000000000000002,1.0,1.0,0.9999999999999999,1.0,0.9999999999999999,1.0000000000000002,1.0000000000000002,1.0,1.0,0.8348332860568866,1.0,1.0,1.0,1.0,0.988272463469496,1.0,1.0,0.9999999999999998,1.0,0.9999999999999999,1.0,0.9999999999999999,1.0,0.0,1.0,1.0,1.0,1.0000000000000002,0.0,0.0,0.0,0.0,0.9999999999999999
120,1.0000000000000002,1.0,1.0,0.9999999999999999,1.0,0.9999999999999999,1.0000000000000002,1.0000000000000002,1.0,1.0,0.8348332860568866,1.0,1.0,1.0,1.0,0.988272463469496,1.0,1.0,0.9999999999999998,1.0,0.9999999999999999,1.0,0.9999999999999999,1.0,1.0,1.0,1.0,1.0,1.0000000000000002,0.0,1.0,1.0,1.0,0.0
149,0.9835667661626268,0.9713259538389072,0.9221601622256218,0.9683531233866803,0.9734315211898058,0.3465901715947146,0.9847242249459266,1.0000000000000002,1.0,0.45608698271188475,0.07452487170891461,0.7391670663262,1.0,0.9263607717874565,0.05156988521269413,0.1641855114270505,0.031116495568449917,0.0,0.9182249105766711,0.9522696929238985,0.0,0.9856074766355141,0.9819693370762254,1.0,1.0,0.4762532981530343,0.9809331709544832,1.0,1.0000000000000002,0.0,0.20856574982368403,0.8891259891526629,0.0,0.9999999999999999
150,0.8934955882835308,0.846767545925577,0.9747411860969798,0.6678368611254517,0.0,0.4054671477895174,0.8196196827685653,0.8785693833459147,0.9355370298565335,0.5721793867839288,0.07452487170891461,0.6610714332006896,0.9761552188935718,0.7548236716018475,0.8722569209993248,0.3954051408849738,0.8940253777976153,0.9426676432291666,0.593974467095123,0.0,0.0,0.0,0.883142589793421,0.9001781235232106,1.0,0.4762532981530343,0.8764271578626883,0.9088211334807401,0.9399754845629358,0.0,0.263512213887286,0.0,0.0,0.9188807967989866
151,1.0000000000000002,1.0,1.0,0.9999999999999999,1.0,0.4054671477895174,1.0000000000000002,1.0000000000000002,1.0,0.5721793867839288,0.07452487170891461,0.9605438826167547,1.0,1.0,1.0,0.7348168752897538,1.0,1.0,0.9182249105766711,0.9863818424566089,0.9895156873484077,0.9856074766355141,0.9999999999999999,1.0,0.0,0.4762532981530343,1.0,1.0,1.0000000000000002,0.0,0.0,0.0,0.0,0.9999999999999999
163,0.8934955882835308,0.846767545925577,0.9747411860969798,0.6678368611254517,0.0,0.7963967705926637,0.8196196827685653,0.8785693833459147,0.9355370298565335,0.8711975182217939,0.585703602465252,0.703197708330633,0.9761552188935718,0.7548236716018475,0.8722569209993248,0.6213877298717351,0.8940253777976153,0.9426676432291666,0.630994271090819,0.0,0.0,0.0,0.883142589793421,0.9001781235232106,0.0,1.0,0.8764271578626883,0.9088211334807401,0.9399754845629358,0.0,0.0,0.0,0.0,0.9188807967989866
167,1.0000000000000002,1.0,1.0,0.9999999999999999,1.0,0.4054671477895174,1.0000000000000002,1.0000000000000002,1.0,0.5721793867839288,0.07452487170891461,0.9605438826167547,1.0,1.0,1.0,0.7348168752897538,1.0,1.0,0.9182249105766711,0.9863818424566089,0.9895156873484077,0.9856074766355141,0.9999999999999999,1.0,1.0,0.4762532981530343,1.0,1.0,1.0000000000000002,0.0,0.35885106110149384,0.9342935894016182,0.6173037849076218,0.0
168,1.0000000000000002,1.0,1.0,0.9999999999999999,1.0,0.7963967705926637,1.0000000000000002,1.0000000000000002,1.0,0.8711975182217939,0.585703602465252,0.9837457387652466,1.0,1.0,1.0,0.8750150242964333,1.0,1.0,0.9552447145723673,0.9863818424566089,0.9895156873484077,0.9856074766355141,0.9999999999999999,1.0,0.0,1.0,1.0,1.0,1.0000000000000002,0.0,0.0,0.0,0.0,0.0
173,0.05687670154492079,0.02726095148374941,0.06602867409014906,0.011099638616417138,0.022814237239188507,0.011863658783520678,0.04774242970439798,0.08631595387458678,0.05370298565335402,0.0007680260225287632,0.0,0.036798921567356674,0.0,0.0202011481849182,0.12909351789331533,0.02457116365322206,0.3428553210482689,0.28466796875000006,0.034140809026667045,0.0,0.15867303027932084,0.0,0.054343914201396386,0.06303391617288887,0.487651077246453,0.0,0.0,0.5818689631095078,0.05784110932352716,0.0,0.017118676668590113,0.045167600248955275,0.6173037849076218,0.09562739284377789
184,0.8934955882835308,0.846767545925577,0.9747411860969798,0.6678368611254517,0.0,0.7963967705926637,0.8196196827685653,0.8785693833459147,0.9355370298565335,0.8711975182217939,0.585703602465252,0.703197708330633,0.9761552188935718,0.7548236716018475,0.8722569209993248,0.6213877298717351,0.8940253777976153,0.9426676432291666,0.630994271090819,0.0,0.0,0.0,0.883142589793421,0.9001781235232106,1.0,1.0,0.8764271578626883,0.9088211334807401,0.9399754845629358,0.0,0.263512213887286,0.0,0.0,0.0
211,0.8934955882835308,0.846767545925577,0.9747411860969798,0.6678368611254517,0.0,0.2951117572233327,0.8196196827685653,0.8785693833459147,0.9355370298565335,0.3884856333955785,0.020913380953608913,0.6403582677675667,0.9761552188935718,0.7548236716018475,0.8476958136394328,0.34193581620563523,0.8755658993814959,0.907958984375,0.593974467095123,0.0,0.0,0.0,0.883142589793421,0.9001781235232106,0.9686459975477317,0.0,0.8764271578626883,0.9088211334807401,0.9399754845629358,0.0,0.263512213887286,0.0,0.0,0.9188807967989866
212,0.8934955882835308,0.846767545925577,0.9221601622256218,0.6678368611254517,0.0,0.3465901715947146,0.8196196827685653,0.8785693833459147,0.9355370298565335,0.45608698271188475,0.07452487170891461,0.458048710935981,0.9406538330105936,0.6743859800578409,0.05156988521269413,0.11981661773038679,0.031116495568449917,0.0,0.4406025532904877,0.0,0.0,0.0,0.883142589793421,0.9001781235232106,1.0,0.4762532981530343,0.8764271578626883,0.9088211334807401,0.9399754845629358,0.0,0.11322690260947617,0.0,0.0,0.9188807967989866
213,0.9835667661626268,0.9713259538389072,0.9221601622256218,0.9683531233866803,0.9734315211898058,0.3465901715947146,0.9847242249459266,1.0000000000000002,1.0,0.45608698271188475,0.07452487170891461,0.7391670663262,1.0,0.9263607717874565,0.05156988521269413,0.1641855114270505,0.031116495568449917,0.0,0.9182249105766711,0.9522696929238985,0.0,0.9856074766355141,0.9819693370762254,1.0,0.0,0.4762532981530343,0.9809331709544832,1.0,1.0000000000000002,0.0,0.0,0.0,0.0,0.9999999999999999
214,0.8934955882835308,0.846767545925577,0.9747411860969798,0.6678368611254517,0.0,0.4054671477895174,0.8196196827685653,0.8785693833459147,0.9355370298565335,0.5721793867839288,0.07452487170891461,0.6610714332006896,0.9761552188935718,0.7548236716018475,0.8722569209993248,0.3954051408849738,0.8940253777976153,0.9426676432291666,0.593974467095123,0.0,0.0,0.0,0.883142589793421,0.9001781235232106,0.0,0.4762532981530343,0.8764271578626883,0.9088211334807401,0.9399754845629358,0.0,0.0,0.0,0.0,0.9188807967989866
215,1.0000000000000002,1.0,1.0,0.9999999999999999,1.0,0.2087692427507074,1.0000000000000002,1.0000000000000002,1.0,0.13774772604059995,0.0038422857732277782,0.9195582573980222,1.0,1.0,1.0,0.5671113858411029,0.9906905566537014,0.9886474609375,0.9182249105766711,0.9863818424566089,0.941084422189187,0.955607476635514,0.9999999999999999,1.0,0.0,0.0,1.0,1.0,1.0000000000000002,0.0,0.0,0.0,0.0,0.9999999999999999
216,0.8934955882835308,0.846767545925577,0.9747411860969798,0.6678368611254517,0.0,0.4054671477895174,0.8196196827685653,0.8785693833459147,0.9355370298565335,0.5721793867839288,0.04847984734005519,0.6799958521821411,0.9761552188935718,0.7548236716018475,0.8722569209993248,0.48118958086505587,0.8940253777976153,0.9426676432291666,0.593974467095123,0.0,0.0,0.0,0.883142589793421,0.9001781235232106,0.0,0.2717678100263852,0.8764271578626883,0.9088211334807401,0.9399754845629358,0.0,0.0,0.0,0.0,0.9188807967989866
226,0.8021779774986061,0.7391957136128121,0.0,0.0,0.0,0.4857090937410763,0.5521359048305696,0.6448707603404744,0.7520356727413726,0.7206041804710559,0.30178704969184356,0.32863679373679505,0.7238865474427612,0.5484525402512195,0.6508693450371371,0.18480743144628162,0.7131607473060001,0.7407633463541666,0.3555122575391863,0.0,0.0,0.0,0.6809184481393507,0.6959176996619288,0.0,0.7955145118733509,0.6625818237174608,0.0,0.7247376082126715,0.0,0.0,0.0,0.0,0.5952387806212037
231,1.0000000000000002,1.0,1.0,0.9999999999999999,1.0,0.4054671477895174,1.0000000000000002,1.0000000000000002,1.0,0.5721793867839288,0.07452487170891461,0.9384826763794737,1.0,1.0,1.0,0.6528958258211849,0.9906905566537014,0.9886474609375,0.9182249105766711,0.9863818424566089,0.941084422189187,0.9856074766355141,0.9999999999999999,1.0,0.0,0.4762532981530343,1.0,1.0,1.0000000000000002,0.0,0.0,0.0,0.0,0.0
237,0.05687670154492079,0.02726095148374941,0.06602867409014906,0.011099638616417138,0.022814237239188507,0.011863658783520678,0.04774242970439798,0.08631595387458678,0.05370298565335402,0.0007680260225287632,0.0,0.036798921567356674,0.0,0.0202011481849182,0.12909351789331533,0.02457116365322206,0.3428553210482689,0.28466796875000006,0.034140809026667045,0.0,0.15867303027932084,0.0,0.054343914201396386,0.06303391617288887,0.0,0.0,0.0,0.5818689631095078,0.05784110932352716,0.0,0.0,0.0,0.0,0.09562739284377789
248,0.8934955882835308,0.846767545925577,0.9747411860969798,0.6678368611254517,0.0,0.4054671477895174,0.8196196827685653,0.8785693833459147,0.9355370298565335,0.5721793867839288,0.07452487170891461,0.6610714332006896,0.9761552188935718,0.7548236716018475,0.8722569209993248,0.3954051408849738,0.8940253777976153,0.9426676432291666,0.593974467095123,0.0,0.0,0.0,0.883142589793421,0.9001781235232106,1.0,0.4762532981530343,0.8764271578626883,0.9088211334807401,0.9399754845629358,0.0,0.263512213887286,0.0,0.0,0.0
251,0.05687670154492079,0.02726095148374941,0.06602867409014906,0.011099638616417138,0.0,0.011863658783520678,0.04774242970439798,0.08631595387458678,0.05370298565335402,0.0007680260225287632,0.0,0.036798921567356674,0.0,0.0202011481849182,0.12909351789331533,0.02457116365322206,0.3428553210482689,0.28466796875000006,0.034140809026667045,0.0,0.0,0.0,0.054343914201396386,0.06303391617288887,0.487651077246453,0.0,0.0,0.5818689631095078,0.05784110932352716,0.0,0.017118676668590113,0.0,0.0,0.09562739284377789
253,0.8934955882835308,0.846767545925577,0.9747411860969798,0.6678368611254517,0.0,0.5367981101217518,0.8196196827685653,0.8785693833459147,0.9355370298565335,0.7206041804710559,0.32783207406070297,0.6799958521821411,0.9761552188935718,0.7548236716018475,0.8722569209993248,0.48118958086505587,0.8940253777976153,0.9426676432291666,0.593974467095123,0.0,0.0,0.0,0.883142589793421,0.9001781235232106,0.0,1.0,0.8764271578626883,0.9088211334807401,0.9399754845629358,0.0,0.0,0.0,0.0,0.0
255,0.9835667661626268,0.9713259538389072,0.9221601622256218,0.9683531233866803,0.9734315211898058,0.3465901715947146,0.9847242249459266,1.0000000000000002,1.0,0.45608698271188475,0.07452487170891461,0.7391670663262,1.0,0.9263607717874565,0.05156988521269413,0.1641855114270505,0.031116495568449917,0.0,0.9182249105766711,0.9522696929238985,0.0,0.9856074766355141,0.9819693370762254,1.0,1.0,0.4762532981530343,0.9809331709544832,1.0,1.0000000000000002,0.0,0.11322690260947617,0.0,0.0,0.0
286,0.8934955882835308,0.846767545925577,0.9221601622256218,0.6678368611254517,0.0,0.2951117572233327,0.8196196827685653,0.8785693833459147,0.9355370298565335,0.3550990904162399,0.020913380953608913,0.458048710935981,0.9406538330105936,0.6743859800578409,0.05156988521269413,0.11981661773038679,0.031116495568449917,0.0,0.4406025532904877,0.0,0.0,0.0,0.883142589793421,0.9001781235232106,0.9686459975477317,0.0,0.8764271578626883,0.9088211334807401,0.9399754845629358,0.0,0.11322690260947617,0.0,0.0,0.9188807967989866
287,0.9835667661626268,0.9713259538389072,0.9221601622256218,0.9683531233866803,0.9734315211898058,0.2087692427507074,0.9847242249459266,1.0000000000000002,1.0,0.13774772604059995,0.0038422857732277782,0.7391670663262,1.0,0.9263607717874565,0.05156988521269413,0.1641855114270505,0.031116495568449917,0.0,0.9182249105766711,0.9522696929238985,0.0,0.955607476635514,0.9819693370762254,1.0,0.0,0.0,0.9809331709544832,1.0,1.0000000000000002,0.0,0.0,0.0,0.0,0.9999999999999999
299,0.8934955882835308,0.846767545925577,0.9747411860969798,0.6678368611254517,0.0,0.2951117572233327,0.8196196827685653,0.8785693833459147,0.9355370298565335,0.3884856333955785,0.020913380953608913,0.6403582677675667,0.9761552188935718,0.7548236716018475,0.8476958136394328,0.34193581620563523,0.8755658993814959,0.907958984375,0.593974467095123,0.0,0.0,0.0,0.883142589793421,0.9001781235232106,0.0,0.0,0.8764271578626883,0.9088211334807401,0.9399754845629358,0.0,0.0,0.0,0.0,0.9188807967989866
300,0.8934955882835308,0.846767545925577,0.9221601622256218,0.6678368611254517,0.0,0.3465901715947146,0.8196196827685653,0.8785693833459147,0.9355370298565335,0.45608698271188475,0.07452487170891461,0.458048710935981,0.9406538330105936,0.6743859800578409,0.05156988521269413,0.11981661773038679,0.031116495568449917,0.0,0.4406025532904877,0.0,0.0,0.0,0.883142589793421,0.9001781235232106,0.0,0.4762532981530343,0.8764271578626883,0.9088211334807401,0.9399754845629358,0.0,0.0,0.0,0.0,0.9188807967989866
301,0.8934955882835308,0.846767545925577,0.9747411860969798,0.6678368611254517,0.0,0.2087692427507074,0.8196196827685653,0.8785693833459147,0.9355370298565335,0.13774772604059995,0.0038422857732277782,0.6610714332006896,0.9761552188935718,0.7548236716018475,0.8722569209993248,0.3954051408849738,0.8940253777976153,0.9426676432291666,0.593974467095123,0.0,0.0,0.0,0.883142589793421,0.9001781235232106,0.0,0.0,0.8764271578626883,0.9088211334807401,0.9399754845629358,0.0,0.0,0.0,0.0,0.9188807967989866
302,0.8934955882835308,0.846767545925577,0.42178661638621084,0.6678368611254517,0.0,0.3465901715947146,0.8196196827685653,0.8785693833459147,0.9355370298565335,0.45608698271188475,0.04847984734005519,0.5789187157318955,0.9761552188935718,0.7548236716018475,0.05156988521269413,0.1641855114270505,0.031116495568449917,0.0,0.593974467095123,0.0,0.0,0.0,0.883142589793421,0.9001781235232106,0.0,0.2717678100263852,0.8764271578626883,0.9088211334807401,0.9399754845629358,0.0,0.0,0.0,0.0,0.9188807967989866
303,0.8021779774986061,0.7391957136128121,0.0,0.0,0.0,0.3543781314088419,0.5521359048305696,0.6448707603404744,0.7520356727413726,0.5721793867839288,0.04847984734005519,0.32863679373679505,0.7238865474427612,0.5484525402512195,0.6508693450371371,0.18480743144628162,0.7131607473060001,0.7407633463541666,0.3555122575391863,0.0,0.0,0.0,0.6809184481393507,0.6959176996619288,0.0,0.2717678100263852,0.6625818237174608,0.0,0.7247376082126715,0.0,0.0,0.0,0.0,0.5952387806212037
313,0.05687670154492079,0.02726095148374941,0.06602867409014906,0.011099638616417138,0.022814237239188507,0.011863658783520678,0.04774242970439798,0.08631595387458678,0.05370298565335402,0.0007680260225287632,0.0,0.036798921567356674,0.0,0.0202011481849182,0.12909351789331533,0.02457116365322206,0.3428553210482689,0.27062988281250006,0.034140809026667045,0.0,0.15867303027932084,0.0,0.054343914201396386,0.06303391617288887,0.487651077246453,0.0,0.0,0.5818689631095078,0.05784110932352716,0.0,0.017118676668590113,0.045167600248955275,0.1447809856825592,0.0
314,0.05687670154492079,0.02726095148374941,0.06602867409014906,0.011099638616417138,0.022814237239188507,0.011863658783520678,0.04774242970439798,0.08631595387458678,0.05370298565335402,0.0007680260225287632,0.0,0.036798921567356674,0.0,0.0202011481849182,0.12909351789331533,0.02457116365322206,0.3428553210482689,0.28466796875000006,0.034140809026667045,0.0,0.15867303027932084,0.0,0.054343914201396386,0.06303391617288887,0.0,0.0,0.0,0.5818689631095078,0.05784110932352716,0.0,0.0,0.0,0.0,0.0
315,0.9835667661626268,0.9713259538389072,0.9747411860969798,0.9683531233866803,0.9734315211898058,0.2087692427507074,0.9847242249459266,1.0000000000000002,1.0,0.13774772604059995,0.0038422857732277782,0.8213197837949942,1.0,0.9263607717874565,0.8722569209993248,0.3954051408849738,0.8940253777976153,0.9426676432291666,0.9182249105766711,0.9522696929238985,0.15867303027932084,0.955607476635514,0.9819693370762254,1.0,0.0,0.0,0.9809331709544832,1.0,1.0000000000000002,0.0,0.0,0.0,0.0,0.0
319,0.007347393971200841,0.0,0.006296915578640294,0.0,0.0,0.0,0.0014419610670511898,0.003279798006091054,0.005234587049243893,0.0,0.0,0.0,0.0,0.0,0.005443956785955436,0.0,0.10999171076962315,0.060709635416666664,0.005147294035536684,0.0,0.020968625303184413,0.0,0.0,0.008142789632483915,0.0,0.0,0.0,0.0,0.0,0.0,0.0,0.0,0.10305722251098616,0.019603327672068856
327,0.8934955882835308,0.846767545925577,0.9747411860969798,0.6678368611254517,0.0,0.2951117572233327,0.8196196827685653,0.8785693833459147,0.9355370298565335,0.3884856333955785,0.020913380953608913,0.6403582677675667,0.9761552188935718,0.7548236716018475,0.8476958136394328,0.34193581620563523,0.8755658993814959,0.907958984375,0.593974467095123,0.0,0.0,0.0,0.883142589793421,0.9001781235232106,0.9686459975477317,0.0,0.8764271578626883,0.9088211334807401,0.9399754845629358,0.0,0.13034557927806628,0.0,0.0,0.0
334,0.8934955882835308,0.846767545925577,0.9747411860969798,0.6678368611254517,0.0,0.4054671477895174,0.8196196827685653,0.8785693833459147,0.9355370298565335,0.5721793867839288,0.07452487170891461,0.6610714332006896,0.9761552188935718,0.7548236716018475,0.8722569209993248,0.3954051408849738,0.8940253777976153,0.9426676432291666,0.593974467095123,0.0,0.0,0.0,0.883142589793421,0.9001781235232106,0.0,0.4762532981530343,0.8764271578626883,0.9088211334807401,0.9399754845629358,0.0,0.0,0.0,0.0,0.0
335,0.8934955882835308,0.846767545925577,0.9747411860969798,0.6678368611254517,0.0,0.4054671477895174,0.8196196827685653,0.8785693833459147,0.9355370298565335,0.5721793867839288,0.04847984734005519,0.6610714332006896,0.9761552188935718,0.7548236716018475,0.8722569209993248,0.3954051408849738,0.8940253777976153,0.9426676432291666,0.593974467095123,0.0,0.0,0.0,0.883142589793421,0.9001781235232106,0.0,0.2717678100263852,0.8764271578626883,0.9088211334807401,0.9399754845629358,0.0,0.0,0.0,0.0,0.0
336,0.05687670154492079,0.02726095148374941,0.06602867409014906,0.011099638616417138,0.0,0.011863658783520678,0.04774242970439798,0.08631595387458678,0.05370298565335402,0.0007680260225287632,0.0,0.036798921567356674,0.0,0.0202011481849182,0.12909351789331533,0.02457116365322206,0.3428553210482689,0.28466796875000006,0.034140809026667045,0.0,0.0,0.0,0.054343914201396386,0.06303391617288887,0.487651077246453,0.0,0.0,0.5818689631095078,0.05784110932352716,0.0,0.017118676668590113,0.0,0.0,0.0
338,0.05687670154492079,0.02726095148374941,0.0,0.0,0.0,0.011863658783520678,0.04774242970439798,0.08631595387458678,0.05370298565335402,0.0007680260225287632,0.0,0.036798921567356674,0.0,0.0202011481849182,0.12909351789331533,0.02457116365322206,0.3428553210482689,0.28466796875000006,0.034140809026667045,0.0,0.0,0.0,0.054343914201396386,0.06303391617288887,0.0,0.0,0.0,0.0,0.05784110932352716,0.0,0.0,0.0,0.0,0.09562739284377789
339,0.05687670154492079,0.02726095148374941,0.06602867409014906,0.011099638616417138,0.0,0.011863658783520678,0.04774242970439798,0.08631595387458678,0.05370298565335402,0.0007680260225287632,0.0,0.036798921567356674,0.0,0.0202011481849182,0.12909351789331533,0.02457116365322206,0.3428553210482689,0.28466796875000006,0.034140809026667045,0.0,0.0,0.0,0.054343914201396386,0.06303391617288887,0.0,0.0,0.0,0.5818689631095078,0.05784110932352716,0.0,0.0,0.0,0.0,0.09562739284377789
340,0.8021779774986061,0.7391957136128121,0.0,0.0,0.0,0.3543781314088419,0.5521359048305696,0.6448707603404744,0.7520356727413726,0.5721793867839288,0.04847984734005519,0.32863679373679505,0.7238865474427612,0.5484525402512195,0.6508693450371371,0.18480743144628162,0.7131607473060001,0.7407633463541666,0.3555122575391863,0.0,0.0,0.0,0.6809184481393507,0.6959176996619288,0.0,0.2717678100263852,0.6625818237174608,0.0,0.7247376082126715,0.0,0.0,0.0,0.0,0.0
342,0.9835667661626268,0.9713259538389072,0.9221601622256218,0.9683531233866803,0.9734315211898058,0.3465901715947146,0.9847242249459266,1.0000000000000002,1.0,0.45608698271188475,0.07452487170891461,0.7391670663262,1.0,0.9263607717874565,0.05156988521269413,0.1641855114270505,0.031116495568449917,0.0,0.9182249105766711,0.9522696929238985,0.0,0.955607476635514,0.9819693370762254,1.0,0.0,0.4762532981530343,0.9809331709544832,1.0,1.0000000000000002,0.0,0.0,0.0,0.0,0.0
343,0.8934955882835308,0.846767545925577,0.9221601622256218,0.6678368611254517,0.0,0.3465901715947146,0.8196196827685653,0.8785693833459147,0.9355370298565335,0.45608698271188475,0.07452487170891461,0.458048710935981,0.9406538330105936,0.6743859800578409,0.05156988521269413,0.11981661773038679,0.031116495568449917,0.0,0.4406025532904877,0.0,0.0,0.0,0.883142589793421,0.9001781235232106,0.9686459975477317,0.4762532981530343,0.8764271578626883,0.9088211334807401,0.9399754845629358,0.0,0.11322690260947617,0.0,0.0,0.0
350,0.04952930757371995,0.02726095148374941,0.05973175851150877,0.011099638616417138,0.022814237239188507,0.011863658783520678,0.04630046863734679,0.08303615586849572,0.048468398604110126,0.0007680260225287632,0.0,0.036798921567356674,0.0,0.0202011481849182,0.020594193112761647,0.010851834681227352,0.04256200981954983,0.0,0.028993514991130363,0.0,0.0,0.0,0.054343914201396386,0.054891126540404955,0.487651077246453,0.0,0.0,0.5818689631095078,0.05784110932352716,0.0,0.0,0.045167600248955275,0.04172376317157303,0.07602406517170902
398,0.8934955882835308,0.846767545925577,0.9221601622256218,0.6678368611254517,0.0,0.2951117572233327,0.8196196827685653,0.8785693833459147,0.9355370298565335,0.3550990904162399,0.020913380953608913,0.458048710935981,0.9406538330105936,0.6743859800578409,0.05156988521269413,0.11981661773038679,0.031116495568449917,0.0,0.4406025532904877,0.0,0.0,0.0,0.883142589793421,0.9001781235232106,0.0,0.0,0.8764271578626883,0.9088211334807401,0.9399754845629358,0.0,0.0,0.0,0.0,0.9188807967989866
399,0.7706563453275168,0.7342498822421102,0.42178661638621084,0.8998451213216313,0.7219695328857122,0.2087692427507074,0.7917042177361212,0.7956633781919464,1.0,0.06999578338654297,0.0038422857732277782,0.27768344372577736,0.8546151801647872,0.5157120041438252,0.0,0.03688250141657651,0.0,0.0,0.4755285427632535,0.6675567423230975,0.0,0.9345794392523364,0.9395378967825522,0.9571412992111673,0.0,0.0,0.9360633277515604,1.0,1.0000000000000002,0.0,0.0,0.0,0.0,0.9188807967989866
400,0.8934955882835308,0.846767545925577,0.42178661638621084,0.6678368611254517,0.0,0.2087692427507074,0.8196196827685653,0.8785693833459147,0.9355370298565335,0.13774772604059995,0.0038422857732277782,0.5789187157318955,0.9761552188935718,0.7548236716018475,0.05156988521269413,0.1641855114270505,0.031116495568449917,0.0,0.593974467095123,0.0,0.0,0.0,0.883142589793421,0.9001781235232106,0.0,0.0,0.8764271578626883,0.9088211334807401,0.9399754845629358,0.0,0.0,0.0,0.0,0.9188807967989866
401,0.8934955882835308,0.846767545925577,0.9221601622256218,0.6678368611254517,0.0,0.2087692427507074,0.8196196827685653,0.8785693833459147,0.9355370298565335,0.13774772604059995,0.0038422857732277782,0.458048710935981,0.9406538330105936,0.6743859800578409,0.05156988521269413,0.11981661773038679,0.031116495568449917,0.0,0.4406025532904877,0.0,0.0,0.0,0.883142589793421,0.9001781235232106,0.0,0.0,0.8764271578626883,0.9088211334807401,0.9399754845629358,0.0,0.0,0.0,0.0,0.9188807967989866
402,0.8021779774986061,0.7391957136128121,0.6950087160695864,0.5162622612287041,0.0,0.2563017574829314,0.6609589041095891,0.6957336595777911,0.9037902287708415,0.24679236190590925,0.020913380953608913,0.26373640617506383,0.8583361810380834,0.5484525402512195,0.0,0.04847267295111521,0.0,0.0,0.2088289179050222,0.0,0.0,0.0,0.7829482473187935,0.7989748809480534,0.2744788929760028,0.0,0.7704749581367027,0.16495985104154545,0.8333333333333334,0.0,0.031352183112136944,0.0,0.0,0.8349981289041134
414,0.8021779774986061,0.7391957136128121,0.0,0.0,0.0,0.24402274084265724,0.5521359048305696,0.6448707603404744,0.7520356727413726,0.3884856333955785,0.014956548647463833,0.32863679373679505,0.7238865474427612,0.5484525402512195,0.6508693450371371,0.18480743144628162,0.7131607473060001,0.7407633463541666,0.3555122575391863,0.0,0.0,0.0,0.6809184481393507,0.6959176996619288,0.0,0.0,0.6625818237174608,0.0,0.7247376082126715,0.0,0.0,0.0,0.0,0.5952387806212037
415,0.8021779774986061,0.7391957136128121,0.0,0.0,0.0,0.2955011552140391,0.5521359048305696,0.6448707603404744,0.7520356727413726,0.45608698271188475,0.04847984734005519,0.31415831702290375,0.7238865474427612,0.5484525402512195,0.05156988521269413,0.10115214890365558,0.031116495568449917,0.0,0.3555122575391863,0.0,0.0,0.0,0.6809184481393507,0.6959176996619288,0.0,0.2717678100263852,0.6625818237174608,0.0,0.7247376082126715,0.0,0.0,0.0,0.0,0.5952387806212037
416,0.8021779774986061,0.7391957136128121,0.0,0.0,0.0,0.15768022637003193,0.5521359048305696,0.6448707603404744,0.7520356727413726,0.13774772604059995,0.0038422857732277782,0.32863679373679505,0.7238865474427612,0.5484525402512195,0.6508693450371371,0.18480743144628162,0.7131607473060001,0.7407633463541666,0.3555122575391863,0.0,0.0,0.0,0.6809184481393507,0.6959176996619288,0.0,0.0,0.6625818237174608,0.0,0.7247376082126715,0.0,0.0,0.0,0.0,0.5952387806212037
423,0.007347393971200841,0.0,0.006296915578640294,0.0,0.0,0.0,0.0014419610670511898,0.003279798006091054,0.005234587049243893,0.0,0.0,0.0,0.0,0.0,0.005443956785955436,0.0,0.10999171076962315,0.060709635416666664,0.005147294035536684,0.0,0.020968625303184413,0.0,0.0,0.008142789632483915,0.0,0.0,0.0,0.0,0.0,0.0,0.0,0.0,0.10305722251098616,0.0
428,0.007347393971200841,0.0,0.006296915578640294,0.0,0.0,0.0,0.0014419610670511898,0.003279798006091054,0.005234587049243893,0.0,0.0,0.0,0.0,0.0,0.005443956785955436,0.0,0.10999171076962315,0.060709635416666664,0.005147294035536684,0.0,0.020968625303184413,0.0,0.0,0.008142789632483915,0.0,0.0,0.0,0.0,0.0,0.0,0.0,0.0,0.0,0.019603327672068856
430,0.0,0.0,0.0,0.0,0.0,0.0,0.0,0.0,0.0,0.0,0.0,0.0,0.0,0.0,0.0,0.0,0.0,0.0,0.0,0.0,0.07362491197871841,0.0,0.0,0.0,0.0,0.0,0.0,0.0,0.0,0.0,0.0,0.0,0.0,0.0
437,0.8934955882835308,0.846767545925577,0.9747411860969798,0.6678368611254517,0.0,0.2951117572233327,0.8196196827685653,0.8785693833459147,0.9355370298565335,0.3884856333955785,0.020913380953608913,0.6403582677675667,0.9761552188935718,0.7548236716018475,0.8476958136394328,0.34193581620563523,0.8755658993814959,0.907958984375,0.593974467095123,0.0,0.0,0.0,0.883142589793421,0.9001781235232106,0.0,0.0,0.8764271578626883,0.9088211334807401,0.9399754845629358,0.0,0.0,0.0,0.0,0.0
438,0.8934955882835308,0.846767545925577,0.9747411860969798,0.6678368611254517,0.0,0.2087692427507074,0.8196196827685653,0.8785693833459147,0.9355370298565335,0.13774772604059995,0.0038422857732277782,0.6403582677675667,0.9761552188935718,0.7548236716018475,0.8476958136394328,0.34193581620563523,0.8755658993814959,0.907958984375,0.593974467095123,0.0,0.0,0.0,0.883142589793421,0.9001781235232106,0.0,0.0,0.8764271578626883,0.9088211334807401,0.9399754845629358,0.0,0.0,0.0,0.0,0.0
445,0.05687670154492079,0.02726095148374941,0.0,0.0,0.0,0.011863658783520678,0.04774242970439798,0.08631595387458678,0.05370298565335402,0.0007680260225287632,0.0,0.036798921567356674,0.0,0.0202011481849182,0.12909351789331533,0.02457116365322206,0.3428553210482689,0.28466796875000006,0.034140809026667045,0.0,0.0,0.0,0.054343914201396386,0.06303391617288887,0.0,0.0,0.0,0.0,0.05784110932352716,0.0,0.0,0.0,0.0,0.0
447,0.05687670154492079,0.02726095148374941,0.06602867409014906,0.011099638616417138,0.0,0.011863658783520678,0.04774242970439798,0.08631595387458678,0.05370298565335402,0.0007680260225287632,0.0,0.036798921567356674,0.0,0.0202011481849182,0.12909351789331533,0.02457116365322206,0.3428553210482689,0.28466796875000006,0.034140809026667045,0.0,0.0,0.0,0.054343914201396386,0.06303391617288887,0.0,0.0,0.0,0.5818689631095078,0.05784110932352716,0.0,0.0,0.0,0.0,0.0
449,0.9448945452159938,0.924075600565238,0.9221601622256218,0.8998451213216313,0.7447837701249007,0.2087692427507074,0.9139554794520549,0.9554884556316215,1.0,0.13774772604059995,0.0038422857732277782,0.6123604972196658,0.9761552188935718,0.7548236716018475,0.05156988521269413,0.1641855114270505,0.031116495568449917,0.0,0.8847820397243142,0.6675567423230975,0.0,0.9345794392523364,0.9395378967825522,0.9571412992111673,0.0,0.0,0.9360633277515604,1.0,1.0000000000000002,0.0,0.0,0.0,0.0,0.0
450,0.8934955882835308,0.846767545925577,0.9221601622256218,0.6678368611254517,0.0,0.2951117572233327,0.8196196827685653,0.8785693833459147,0.9355370298565335,0.3550990904162399,0.020913380953608913,0.458048710935981,0.9406538330105936,0.6743859800578409,0.05156988521269413,0.11981661773038679,0.031116495568449917,0.0,0.4406025532904877,0.0,0.0,0.0,0.883142589793421,0.9001781235232106,0.7621299702224558,0.0,0.8764271578626883,0.9088211334807401,0.9399754845629358,0.0,0.031352183112136944,0.0,0.0,0.0
451,0.8934955882835308,0.846767545925577,0.9221601622256218,0.6678368611254517,0.0,0.3465901715947146,0.8196196827685653,0.8785693833459147,0.9355370298565335,0.45608698271188475,0.05443667964620027,0.458048710935981,0.9406538330105936,0.6743859800578409,0.05156988521269413,0.11981661773038679,0.031116495568449917,0.0,0.4406025532904877,0.0,0.0,0.0,0.883142589793421,0.9001781235232106,0.0,0.2717678100263852,0.8764271578626883,0.9088211334807401,0.9399754845629358,0.0,0.0,0.0,0.0,0.0
453,0.8934955882835308,0.846767545925577,0.42178661638621084,0.6678368611254517,0.0,0.3465901715947146,0.8196196827685653,0.8785693833459147,0.9355370298565335,0.45608698271188475,0.04847984734005519,0.5789187157318955,0.9761552188935718,0.7548236716018475,0.05156988521269413,0.1641855114270505,0.031116495568449917,0.0,0.593974467095123,0.0,0.0,0.0,0.883142589793421,0.9001781235232106,0.0,0.2717678100263852,0.8764271578626883,0.9088211334807401,0.9399754845629358,0.0,0.0,0.0,0.0,0.0
459,0.05687670154492079,0.02726095148374941,0.06602867409014906,0.011099638616417138,0.022814237239188507,0.011863658783520678,0.04774242970439798,0.08631595387458678,0.05370298565335402,0.0007680260225287632,0.0,0.004951457569119496,0.0,0.0202011481849182,0.0,0.0040522673809646435,0.0,0.0,0.034140809026667045,0.0,0.0,0.0,0.054343914201396386,0.06303391617288887,0.0,0.0,0.0,0.5818689631095078,0.05784110932352716,0.0,0.0,0.0,0.0,0.09562739284377789
460,0.04952930757371995,0.02726095148374941,0.05973175851150877,0.011099638616417138,0.022814237239188507,0.011863658783520678,0.04630046863734679,0.08303615586849572,0.048468398604110126,0.0007680260225287632,0.0,0.036798921567356674,0.0,0.0202011481849182,0.020594193112761647,0.010851834681227352,0.04256200981954983,0.0,0.028993514991130363,0.0,0.0,0.0,0.054343914201396386,0.054891126540404955,0.0,0.0,0.0,0.5818689631095078,0.05784110932352716,0.0,0.0,0.0,0.0,0.07602406517170902
462,0.05687670154492079,0.02726095148374941,0.06602867409014906,0.011099638616417138,0.0,0.011863658783520678,0.04774242970439798,0.08631595387458678,0.05370298565335402,0.0007680260225287632,0.0,0.02232044485346537,0.0,0.0202011481849182,0.0,0.010851834681227352,0.0,0.0,0.034140809026667045,0.0,0.0,0.0,0.054343914201396386,0.06303391617288887,0.487651077246453,0.0,0.0,0.5818689631095078,0.05784110932352716,0.0,0.0,0.0,0.0,0.09562739284377789
499,0.04952930757371995,0.02726095148374941,0.05973175851150877,0.011099638616417138,0.022814237239188507,0.011863658783520678,0.04630046863734679,0.08303615586849572,0.048468398604110126,0.0007680260225287632,0.0,0.036798921567356674,0.0,0.0202011481849182,0.020594193112761647,0.010851834681227352,0.04256200981954983,0.0,0.028993514991130363,0.0,0.0,0.0,0.054343914201396386,0.054891126540404955,0.487651077246453,0.0,0.0,0.5818689631095078,0.05784110932352716,0.0,0.0,0.0,0.0,0.0
519,0.007347393971200841,0.0,0.006296915578640294,0.0,0.0,0.0,0.0014419610670511898,0.003279798006091054,0.005234587049243893,0.0,0.0,0.0,0.0,0.0,0.005443956785955436,0.0,0.10999171076962315,0.060709635416666664,0.005147294035536684,0.0,0.0,0.0,0.0,0.008142789632483915,0.0,0.0,0.0,0.0,0.0,0.0,0.0,0.0,0.0,0.019603327672068856
546,0.7192573883950538,0.6569418276024495,0.42178661638621084,0.6678368611254517,0.0,0.2087692427507074,0.6973684210526316,0.7187443059062395,0.9355370298565335,0.06999578338654297,0.0038422857732277782,0.24424166223800695,0.8546151801647872,0.5157120041438252,0.0,0.03688250141657651,0.0,0.0,0.18472097013406225,0.0,0.0,0.0,0.883142589793421,0.9001781235232106,0.0,0.0,0.8764271578626883,0.9088211334807401,0.9399754845629358,0.0,0.0,0.0,0.0,0.9188807967989866
547,0.8021779774986061,0.7391957136128121,0.0,0.0,0.0,0.24402274084265724,0.5521359048305696,0.6448707603404744,0.7520356727413726,0.3550990904162399,0.014956548647463833,0.31415831702290375,0.7238865474427612,0.5484525402512195,0.05156988521269413,0.10115214890365558,0.031116495568449917,0.0,0.3555122575391863,0.0,0.0,0.0,0.6809184481393507,0.6959176996619288,0.0,0.0,0.6625818237174608,0.0,0.7247376082126715,0.0,0.0,0.0,0.0,0.5952387806212037
548,0.8021779774986061,0.7391957136128121,0.0,0.0,0.0,0.15768022637003193,0.5521359048305696,0.6448707603404744,0.7520356727413726,0.13774772604059995,0.0038422857732277782,0.31415831702290375,0.7238865474427612,0.5484525402512195,0.05156988521269413,0.10115214890365558,0.031116495568449917,0.0,0.3555122575391863,0.0,0.0,0.0,0.6809184481393507,0.6959176996619288,0.0,0.0,0.6625818237174608,0.0,0.7247376082126715,0.0,0.0,0.0,0.0,0.5952387806212037
549,0.8021779774986061,0.7391957136128121,0.6950087160695864,0.5162622612287041,0.0,0.2563017574829314,0.6609589041095891,0.6957336595777911,0.9037902287708415,0.24679236190590925,0.020913380953608913,0.26373640617506383,0.8583361810380834,0.5484525402512195,0.0,0.04847267295111521,0.0,0.0,0.2088289179050222,0.0,0.0,0.0,0.7829482473187935,0.7989748809480534,0.0,0.0,0.7704749581367027,0.16495985104154545,0.8333333333333334,0.0,0.0,0.0,0.0,0.8349981289041134
557,0.007347393971200841,0.0,0.006296915578640294,0.0,0.0,0.0,0.0014419610670511898,0.003279798006091054,0.005234587049243893,0.0,0.0,0.0,0.0,0.0,0.005443956785955436,0.0,0.10999171076962315,0.060709635416666664,0.005147294035536684,0.0,0.020968625303184413,0.0,0.0,0.008142789632483915,0.0,0.0,0.0,0.0,0.0,0.0,0.0,0.0,0.024760194679393284,0.0
561,0.007347393971200841,0.0,0.006296915578640294,0.0,0.0,0.0,0.0014419610670511898,0.003279798006091054,0.005234587049243893,0.0,0.0,0.0,0.0,0.0,0.005443956785955436,0.0,0.10999171076962315,0.060709635416666664,0.005147294035536684,0.0,0.020968625303184413,0.0,0.0,0.008142789632483915,0.0,0.0,0.0,0.0,0.0,0.0,0.0,0.0,0.0,0.0
562,0.05687670154492079,0.02726095148374941,0.06602867409014906,0.011099638616417138,0.022814237239188507,0.011863658783520678,0.04774242970439798,0.08631595387458678,0.05370298565335402,0.0007680260225287632,0.0,0.036798921567356674,0.0,0.0202011481849182,0.12909351789331533,0.02457116365322206,0.3428553210482689,0.27062988281250006,0.034140809026667045,0.0,0.07362491197871841,0.0,0.054343914201396386,0.06303391617288887,0.0,0.0,0.0,0.5818689631095078,0.05784110932352716,0.0,0.0,0.0,0.0,0.0
570,0.8934955882835308,0.846767545925577,0.9221601622256218,0.6678368611254517,0.0,0.2087692427507074,0.8196196827685653,0.8785693833459147,0.9355370298565335,0.13774772604059995,0.0038422857732277782,0.5933971924457867,0.9761552188935718,0.7548236716018475,0.6508693450371371,0.2478407939696766,0.7131607473060001,0.7407633463541666,0.593974467095123,0.0,0.0,0.0,0.883142589793421,0.9001781235232106,0.0,0.0,0.8764271578626883,0.9088211334807401,0.9399754845629358,0.0,0.0,0.0,0.0,0.0
576,0.8021779774986061,0.7391957136128121,0.0,0.0,0.0,0.24402274084265724,0.5521359048305696,0.6448707603404744,0.7520356727413726,0.3550990904162399,0.014956548647463833,0.32863679373679505,0.7238865474427612,0.5484525402512195,0.6508693450371371,0.18480743144628162,0.7131607473060001,0.7407633463541666,0.3555122575391863,0.0,0.0,0.0,0.6809184481393507,0.6959176996619288,0.0,0.0,0.6625818237174608,0.0,0.7247376082126715,0.0,0.0,0.0,0.0,0.0
577,0.8021779774986061,0.7391957136128121,0.0,0.0,0.0,0.15768022637003193,0.5521359048305696,0.6448707603404744,0.7520356727413726,0.13774772604059995,0.0038422857732277782,0.32863679373679505,0.7238865474427612,0.5484525402512195,0.6508693450371371,0.18480743144628162,0.7131607473060001,0.7407633463541666,0.3555122575391863,0.0,0.0,0.0,0.6809184481393507,0.6959176996619288,0.0,0.0,0.6625818237174608,0.0,0.7247376082126715,0.0,0.0,0.0,0.0,0.0
583,0.8934955882835308,0.846767545925577,0.9221601622256218,0.6678368611254517,0.0,0.2087692427507074,0.8196196827685653,0.8785693833459147,0.9355370298565335,0.13774772604059995,0.0038422857732277782,0.458048710935981,0.9406538330105936,0.6743859800578409,0.05156988521269413,0.11981661773038679,0.031116495568449917,0.0,0.4406025532904877,0.0,0.0,0.0,0.883142589793421,0.9001781235232106,0.0,0.0,0.8764271578626883,0.9088211334807401,0.9399754845629358,0.0,0.0,0.0,0.0,0.0
584,0.8934955882835308,0.846767545925577,0.9221601622256218,0.6678368611254517,0.0,0.2951117572233327,0.8196196827685653,0.8785693833459147,0.9355370298565335,0.3550990904162399,0.020913380953608913,0.458048710935981,0.9406538330105936,0.6743859800578409,0.05156988521269413,0.11981661773038679,0.031116495568449917,0.0,0.4406025532904877,0.0,0.0,0.0,0.883142589793421,0.9001781235232106,0.0,0.0,0.8764271578626883,0.9088211334807401,0.9399754845629358,0.0,0.0,0.0,0.0,0.0
585,0.7192573883950538,0.6569418276024495,0.42178661638621084,0.6678368611254517,0.0,0.2087692427507074,0.6973684210526316,0.7187443059062395,0.9355370298565335,0.06999578338654297,0.0038422857732277782,0.24424166223800695,0.8546151801647872,0.5157120041438252,0.0,0.03688250141657651,0.0,0.0,0.18472097013406225,0.0,0.0,0.0,0.883142589793421,0.9001781235232106,0.0,0.0,0.8764271578626883,0.9088211334807401,0.9399754845629358,0.0,0.0,0.0,0.0,0.0
586,0.8934955882835308,0.846767545925577,0.42178661638621084,0.6678368611254517,0.0,0.2087692427507074,0.8196196827685653,0.8785693833459147,0.9355370298565335,0.13774772604059995,0.0038422857732277782,0.5789187157318955,0.9761552188935718,0.7548236716018475,0.05156988521269413,0.1641855114270505,0.031116495568449917,0.0,0.593974467095123,0.0,0.0,0.0,0.883142589793421,0.9001781235232106,0.0,0.0,0.8764271578626883,0.9088211334807401,0.9399754845629358,0.0,0.0,0.0,0.0,0.0
587,0.8021779774986061,0.7391957136128121,0.6950087160695864,0.5162622612287041,0.0,0.2563017574829314,0.6609589041095891,0.6957336595777911,0.9037902287708415,0.24679236190590925,0.020913380953608913,0.26373640617506383,0.8583361810380834,0.5484525402512195,0.0,0.04847267295111521,0.0,0.0,0.2088289179050222,0.0,0.0,0.0,0.7829482473187935,0.7989748809480534,0.0,0.0,0.7704749581367027,0.16495985104154545,0.8333333333333334,0.0,0.0,0.0,0.0,0.0
588,0.8021779774986061,0.7391957136128121,0.0,0.0,0.0,0.24402274084265724,0.5521359048305696,0.6448707603404744,0.7520356727413726,0.3550990904162399,0.014956548647463833,0.31415831702290375,0.7238865474427612,0.5484525402512195,0.05156988521269413,0.10115214890365558,0.031116495568449917,0.0,0.3555122575391863,0.0,0.0,0.0,0.6809184481393507,0.6959176996619288,0.0,0.0,0.6625818237174608,0.0,0.7247376082126715,0.0,0.0,0.0,0.0,0.0
597,0.05687670154492079,0.02726095148374941,0.0,0.0,0.0,0.011863658783520678,0.04774242970439798,0.08631595387458678,0.05370298565335402,0.0007680260225287632,0.0,0.004951457569119496,0.0,0.0202011481849182,0.0,0.0040522673809646435,0.0,0.0,0.034140809026667045,0.0,0.0,0.0,0.054343914201396386,0.06303391617288887,0.0,0.0,0.0,0.0,0.05784110932352716,0.0,0.0,0.0,0.0,0.09562739284377789
600,0.04952930757371995,0.02726095148374941,0.0,0.0,0.0,0.011863658783520678,0.04630046863734679,0.08303615586849572,0.048468398604110126,0.0007680260225287632,0.0,0.036798921567356674,0.0,0.0202011481849182,0.020594193112761647,0.010851834681227352,0.04256200981954983,0.0,0.028993514991130363,0.0,0.0,0.0,0.054343914201396386,0.054891126540404955,0.0,0.0,0.0,0.0,0.05784110932352716,0.0,0.0,0.0,0.0,0.07602406517170902
604,0.05687670154492079,0.02726095148374941,0.06602867409014906,0.011099638616417138,0.0,0.011863658783520678,0.04774242970439798,0.08631595387458678,0.05370298565335402,0.0007680260225287632,0.0,0.02232044485346537,0.0,0.0202011481849182,0.0,0.010851834681227352,0.0,0.0,0.034140809026667045,0.0,0.0,0.0,0.054343914201396386,0.06303391617288887,0.0,0.0,0.0,0.5818689631095078,0.05784110932352716,0.0,0.0,0.0,0.0,0.09562739284377789
645,0.05687670154492079,0.02726095148374941,0.06602867409014906,0.011099638616417138,0.022814237239188507,0.011863658783520678,0.04774242970439798,0.08631595387458678,0.05370298565335402,0.0007680260225287632,0.0,0.004951457569119496,0.0,0.0202011481849182,0.0,0.0040522673809646435,0.0,0.0,0.034140809026667045,0.0,0.0,0.0,0.054343914201396386,0.06303391617288887,0.0,0.0,0.0,0.5818689631095078,0.05784110932352716,0.0,0.0,0.0,0.0,0.0
646,0.04952930757371995,0.02726095148374941,0.05973175851150877,0.011099638616417138,0.022814237239188507,0.011863658783520678,0.04630046863734679,0.08303615586849572,0.048468398604110126,0.0007680260225287632,0.0,0.036798921567356674,0.0,0.0202011481849182,0.020594193112761647,0.010851834681227352,0.04256200981954983,0.0,0.028993514991130363,0.0,0.0,0.0,0.054343914201396386,0.054891126540404955,0.0,0.0,0.0,0.5818689631095078,0.05784110932352716,0.0,0.0,0.0,0.0,0.0
647,0.05687670154492079,0.02726095148374941,0.06602867409014906,0.011099638616417138,0.0,0.011863658783520678,0.04774242970439798,0.08631595387458678,0.05370298565335402,0.0007680260225287632,0.0,0.02232044485346537,0.0,0.0202011481849182,0.0,0.010851834681227352,0.0,0.0,0.034140809026667045,0.0,0.0,0.0,0.054343914201396386,0.06303391617288887,0.487651077246453,0.0,0.0,0.5818689631095078,0.05784110932352716,0.0,0.0,0.0,0.0,0.0
662,0.007347393971200841,0.0,0.006296915578640294,0.0,0.0,0.0,0.0014419610670511898,0.003279798006091054,0.005234587049243893,0.0,0.0,0.0,0.0,0.0,0.005443956785955436,0.0,0.02002167952560097,0.0,0.005147294035536684,0.0,0.0,0.0,0.0,0.008142789632483915,0.0,0.0,0.0,0.0,0.0,0.0,0.0,0.0,0.011718565420781554,0.019603327672068856
672,0.007347393971200841,0.0,0.006296915578640294,0.0,0.0,0.0,0.0014419610670511898,0.003279798006091054,0.005234587049243893,0.0,0.0,0.0,0.0,0.0,0.005443956785955436,0.0,0.10999171076962315,0.060709635416666664,0.005147294035536684,0.0,0.0,0.0,0.0,0.008142789632483915,0.0,0.0,0.0,0.0,0.0,0.0,0.0,0.0,0.0,0.0
680,0.007347393971200841,0.0,0.0,0.0,0.0,0.0,0.0014419610670511898,0.003279798006091054,0.005234587049243893,0.0,0.0,0.0,0.0,0.0,0.005443956785955436,0.0,0.10999171076962315,0.060709635416666664,0.005147294035536684,0.0,0.0,0.0,0.0,0.008142789632483915,0.0,0.0,0.0,0.0,0.0,0.0,0.0,0.0,0.0,0.019603327672068856
707,0.0,0.0,0.0,0.0,0.0,0.0,0.0,0.0,0.0,0.0,0.0,0.0,0.0,0.0,0.0,0.0,0.011413632595804373,0.0,0.0,0.0,0.0,0.0,0.0,0.0,0.0,0.0,0.0,0.0,0.0,0.0,0.0,0.0,0.013041629258611728,0.0
722,0.6279397776101291,0.5493699952896844,0.0,0.0,0.0,0.15768022637003193,0.4298846431146359,0.48504568290079925,0.7520356727413726,0.06999578338654297,0.0038422857732277782,0.10035126832492967,0.6378478945969549,0.38977856433720376,0.0,0.018218032589845282,0.0,0.0,0.0996306743827609,0.0,0.0,0.0,0.6809184481393507,0.6959176996619288,0.0,0.0,0.6625818237174608,0.0,0.7247376082126715,0.0,0.0,0.0,0.0,0.5952387806212037
723,0.8021779774986061,0.7391957136128121,0.0,0.0,0.0,0.2052127411022559,0.5192411679884643,0.5833615326548144,0.7520356727413726,0.24679236190590925,0.014956548647463833,0.22997057641706306,0.7238865474427612,0.5484525402512195,0.0,0.04847267295111521,0.0,0.0,0.2088289179050222,0.0,0.0,0.0,0.6809184481393507,0.6959176996619288,0.0,0.0,0.6625818237174608,0.0,0.7247376082126715,0.0,0.0,0.0,0.0,0.5952387806212037
748,0.8021779774986061,0.7391957136128121,0.0,0.0,0.0,0.15768022637003193,0.5521359048305696,0.6448707603404744,0.7520356727413726,0.13774772604059995,0.0038422857732277782,0.31415831702290375,0.7238865474427612,0.5484525402512195,0.05156988521269413,0.10115214890365558,0.031116495568449917,0.0,0.3555122575391863,0.0,0.0,0.0,0.6809184481393507,0.6959176996619288,0.0,0.0,0.6625818237174608,0.0,0.7247376082126715,0.0,0.0,0.0,0.0,0.0
776,0.05687670154492079,0.02726095148374941,0.0,0.0,0.0,0.011863658783520678,0.04774242970439798,0.08631595387458678,0.05370298565335402,0.0007680260225287632,0.0,0.02232044485346537,0.0,0.0202011481849182,0.0,0.010851834681227352,0.0,0.0,0.034140809026667045,0.0,0.0,0.0,0.054343914201396386,0.06303391617288887,0.0,0.0,0.0,0.0,0.05784110932352716,0.0,0.0,0.0,0.0,0.09562739284377789
812,0.05687670154492079,0.02726095148374941,0.06602867409014906,0.011099638616417138,0.0,0.011863658783520678,0.04774242970439798,0.08631595387458678,0.05370298565335402,0.0007680260225287632,0.0,0.02232044485346537,0.0,0.0202011481849182,0.0,0.010851834681227352,0.0,0.0,0.034140809026667045,0.0,0.0,0.0,0.054343914201396386,0.06303391617288887,0.0,0.0,0.0,0.5818689631095078,0.05784110932352716,0.0,0.0,0.0,0.0,0.0
816,0.05687670154492079,0.02726095148374941,0.0,0.0,0.0,0.011863658783520678,0.04774242970439798,0.08631595387458678,0.05370298565335402,0.0007680260225287632,0.0,0.004951457569119496,0.0,0.0202011481849182,0.0,0.0040522673809646435,0.0,0.0,0.034140809026667045,0.0,0.0,0.0,0.054343914201396386,0.06303391617288887,0.0,0.0,0.0,0.0,0.05784110932352716,0.0,0.0,0.0,0.0,0.0
817,0.04952930757371995,0.02726095148374941,0.0,0.0,0.0,0.011863658783520678,0.04630046863734679,0.08303615586849572,0.048468398604110126,0.0007680260225287632,0.0,0.036798921567356674,0.0,0.0202011481849182,0.020594193112761647,0.010851834681227352,0.04256200981954983,0.0,0.028993514991130363,0.0,0.0,0.0,0.054343914201396386,0.054891126540404955,0.0,0.0,0.0,0.0,0.05784110932352716,0.0,0.0,0.0,0.0,0.0
826,0.007347393971200841,0.0,0.006296915578640294,0.0,0.0,0.0,0.0014419610670511898,0.003279798006091054,0.005234587049243893,0.0,0.0,0.0,0.0,0.0,0.005443956785955436,0.0,0.02002167952560097,0.0,0.005147294035536684,0.0,0.0,0.0,0.0,0.008142789632483915,0.0,0.0,0.0,0.0,0.0,0.0,0.0,0.0,0.0,0.0
836,0.007347393971200841,0.0,0.006296915578640294,0.0,0.0,0.0,0.0014419610670511898,0.003279798006091054,0.005234587049243893,0.0,0.0,0.0,0.0,0.0,0.0,0.0,0.0,0.0,0.005147294035536684,0.0,0.0,0.0,0.0,0.008142789632483915,0.0,0.0,0.0,0.0,0.0,0.0,0.0,0.0,0.0,0.019603327672068856
837,0.007347393971200841,0.0,0.006296915578640294,0.0,0.0,0.0,0.0014419610670511898,0.003279798006091054,0.005234587049243893,0.0,0.0,0.0,0.0,0.0,0.005443956785955436,0.0,0.02002167952560097,0.0,0.005147294035536684,0.0,0.0,0.0,0.0,0.008142789632483915,0.0,0.0,0.0,0.0,0.0,0.0,0.0,0.0,0.0,0.019603327672068856
838,0.007347393971200841,0.0,0.006296915578640294,0.0,0.0,0.0,0.0014419610670511898,0.003279798006091054,0.005234587049243893,0.0,0.0,0.0,0.0,0.0,0.0,0.0,0.0,0.0,0.005147294035536684,0.0,0.0,0.0,0.0,0.008142789632483915,0.0,0.0,0.0,0.0,0.0,0.0,0.0,0.0,0.0,0.019603327672068856
839,0.007347393971200841,0.0,0.006296915578640294,0.0,0.0,0.0,0.0014419610670511898,0.003279798006091054,0.005234587049243893,0.0,0.0,0.0,0.0,0.0,0.005443956785955436,0.0,0.02002167952560097,0.0,0.005147294035536684,0.0,0.0,0.0,0.0,0.008142789632483915,0.0,0.0,0.0,0.0,0.0,0.0,0.0,0.0,0.0,0.019603327672068856
852,0.007347393971200841,0.0,0.0,0.0,0.0,0.0,0.0014419610670511898,0.003279798006091054,0.005234587049243893,0.0,0.0,0.0,0.0,0.0,0.005443956785955436,0.0,0.10999171076962315,0.060709635416666664,0.005147294035536684,0.0,0.0,0.0,0.0,0.008142789632483915,0.0,0.0,0.0,0.0,0.0,0.0,0.0,0.0,0.0,0.0
900,0.0,0.0,0.0,0.0,0.0,0.0,0.0,0.0,0.0,0.0,0.0,0.0,0.0,0.0,0.0,0.0,0.011413632595804373,0.0,0.0,0.0,0.0,0.0,0.0,0.0,0.0,0.0,0.0,0.0,0.0,0.0,0.0,0.0,0.0,0.0
902,0.0,0.0,0.0,0.0,0.0,0.0,0.0,0.0,0.0,0.0,0.0,0.0,0.0,0.0,0.0,0.0,0.011413632595804373,0.0,0.0,0.0,0.0,0.0,0.0,0.0,0.0,0.0,0.0,0.0,0.0,0.0,0.0,0.0,0.0,0.0
908,0.6279397776101291,0.5493699952896844,0.3557579422960618,0.5162622612287041,0.0,0.2087692427507074,0.5387076423936554,0.535908582138116,0.9037902287708415,0.06999578338654297,0.0038422857732277782,0.1341170980829304,0.772297528192277,0.38977856433720376,0.0,0.015161661429626189,0.0,0.0,0.07566813039811554,0.0,0.0,0.0,0.7829482473187935,0.7989748809480534,0.0,0.0,0.7704749581367027,0.16495985104154545,0.8333333333333334,0.0,0.0,0.0,0.0,0.5952387806212037
923,0.8021779774986061,0.7391957136128121,0.0,0.0,0.0,0.11635211962306274,0.5521359048305696,0.6448707603404744,0.7520356727413726,0.03401903499789169,0.0,0.32863679373679505,0.7238865474427612,0.5484525402512195,0.18066340310600945,0.11487147787565029,0.37397181661671874,0.28466796875000006,0.3555122575391863,0.0,0.0,0.0,0.6809184481393507,0.6959176996619288,0.0,0.0,0.6625818237174608,0.0,0.7247376082126715,0.0,0.0,0.0,0.0,0.0
927,0.8021779774986061,0.7391957136128121,0.3557579422960618,0.5162622612287041,0.0,0.2087692427507074,0.6609589041095891,0.6957336595777911,0.9037902287708415,0.13774772604059995,0.0038422857732277782,0.26373640617506383,0.8583361810380834,0.5484525402512195,0.0,0.04847267295111521,0.0,0.0,0.2088289179050222,0.0,0.0,0.0,0.7829482473187935,0.7989748809480534,0.0,0.0,0.7704749581367027,0.16495985104154545,0.8333333333333334,0.0,0.0,0.0,0.0,0.0
930,0.6279397776101291,0.5493699952896844,0.0,0.0,0.0,0.15768022637003193,0.4298846431146359,0.48504568290079925,0.7520356727413726,0.06999578338654297,0.0038422857732277782,0.10035126832492967,0.6378478945969549,0.38977856433720376,0.0,0.018218032589845282,0.0,0.0,0.0996306743827609,0.0,0.0,0.0,0.6809184481393507,0.6959176996619288,0.0,0.0,0.6625818237174608,0.0,0.7247376082126715,0.0,0.0,0.0,0.0,0.0
931,0.8021779774986061,0.7391957136128121,0.0,0.0,0.0,0.15768022637003193,0.5192411679884643,0.5833615326548144,0.7520356727413726,0.13774772604059995,0.0038422857732277782,0.22997057641706306,0.7238865474427612,0.5484525402512195,0.0,0.04847267295111521,0.0,0.0,0.2088289179050222,0.0,0.0,0.0,0.6809184481393507,0.6959176996619288,0.0,0.0,0.6625818237174608,0.0,0.7247376082126715,0.0,0.0,0.0,0.0,0.0
934,0.05687670154492079,0.02726095148374941,0.0,0.0,0.0,0.011863658783520678,0.014847692862292719,0.02480672618892678,0.05370298565335402,0.0007680260225287632,0.0,0.004951457569119496,0.0,0.0202011481849182,0.0,0.000995896220745548,0.0,0.0,0.010178265042021692,0.0,0.0,0.0,0.054343914201396386,0.06303391617288887,0.0,0.0,0.0,0.0,0.05784110932352716,0.0,0.0,0.0,0.0,0.09562739284377789
935,0.04952930757371995,0.02726095148374941,0.0,0.0,0.0,0.011863658783520678,0.04630046863734679,0.08303615586849572,0.048468398604110126,0.0007680260225287632,0.0,0.004951457569119496,0.0,0.0202011481849182,0.0,0.0040522673809646435,0.0,0.0,0.028993514991130363,0.0,0.0,0.0,0.054343914201396386,0.054891126540404955,0.0,0.0,0.0,0.0,0.05784110932352716,0.0,0.0,0.0,0.0,0.07602406517170902
985,0.04952930757371995,0.02726095148374941,0.05973175851150877,0.011099638616417138,0.0,0.011863658783520678,0.04630046863734679,0.08303615586849572,0.048468398604110126,0.0007680260225287632,0.0,0.02232044485346537,0.0,0.0202011481849182,0.0,0.010851834681227352,0.0,0.0,0.028993514991130363,0.0,0.0,0.0,0.054343914201396386,0.054891126540404955,0.0,0.0,0.0,0.5818689631095078,0.05784110932352716,0.0,0.0,0.0,0.0,0.0
997,0.05687670154492079,0.02726095148374941,0.0,0.0,0.0,0.011863658783520678,0.04774242970439798,0.08631595387458678,0.05370298565335402,0.0007680260225287632,0.0,0.02232044485346537,0.0,0.0202011481849182,0.0,0.010851834681227352,0.0,0.0,0.034140809026667045,0.0,0.0,0.0,0.054343914201396386,0.06303391617288887,0.0,0.0,0.0,0.0,0.05784110932352716,0.0,0.0,0.0,0.0,0.0
1008,0.007347393971200841,0.0,0.006296915578640294,0.0,0.0,0.0,0.0014419610670511898,0.003279798006091054,0.005234587049243893,0.0,0.0,0.0,0.0,0.0,0.0,0.0,0.0,0.0,0.005147294035536684,0.0,0.0,0.0,0.0,0.008142789632483915,0.0,0.0,0.0,0.0,0.0,0.0,0.0,0.0,0.0,0.0
1010,0.007347393971200841,0.0,0.006296915578640294,0.0,0.0,0.0,0.0014419610670511898,0.003279798006091054,0.005234587049243893,0.0,0.0,0.0,0.0,0.0,0.0,0.0,0.0,0.0,0.005147294035536684,0.0,0.0,0.0,0.0,0.008142789632483915,0.0,0.0,0.0,0.0,0.0,0.0,0.0,0.0,0.0,0.0
1024,0.007347393971200841,0.0,0.0,0.0,0.0,0.0,0.0014419610670511898,0.003279798006091054,0.005234587049243893,0.0,0.0,0.0,0.0,0.0,0.0,0.0,0.0,0.0,0.005147294035536684,0.0,0.0,0.0,0.0,0.008142789632483915,0.0,0.0,0.0,0.0,0.0,0.0,0.0,0.0,0.0,0.019603327672068856
1027,0.007347393971200841,0.0,0.0,0.0,0.0,0.0,0.0014419610670511898,0.003279798006091054,0.005234587049243893,0.0,0.0,0.0,0.0,0.0,0.005443956785955436,0.0,0.02002167952560097,0.0,0.005147294035536684,0.0,0.0,0.0,0.0,0.008142789632483915,0.0,0.0,0.0,0.0,0.0,0.0,0.0,0.0,0.0,0.019603327672068856
1087,0.0,0.0,0.0,0.0,0.0,0.0,0.0,0.0,0.0,0.0,0.0,0.0,0.0,0.0,0.0,0.0,0.0025505324236434358,0.0,0.0,0.0,0.0,0.0,0.0,0.0,0.0,0.0,0.0,0.0,0.0,0.0,0.0,0.0,0.0,0.0
1097,0.0,0.0,0.0,0.0,0.0,0.0,0.0,0.0,0.0,0.0,0.0,0.0,0.0,0.0,0.0,0.0,0.011413632595804373,0.0,0.0,0.0,0.0,0.0,0.0,0.0,0.0,0.0,0.0,0.0,0.0,0.0,0.0,0.0,0.0,0.0
1118,0.6279397776101291,0.5493699952896844,0.0,0.0,0.0,0.15768022637003193,0.39698990627253067,0.4235364552151392,0.7520356727413726,0.06999578338654297,0.0038422857732277782,0.10035126832492967,0.6378478945969549,0.38977856433720376,0.0,0.015161661429626189,0.0,0.0,0.07566813039811554,0.0,0.0,0.0,0.6809184481393507,0.6959176996619288,0.0,0.0,0.6625818237174608,0.0,0.7247376082126715,0.0,0.0,0.0,0.0,0.0
1134,0.04952930757371995,0.02726095148374941,0.0,0.0,0.0,0.011863658783520678,0.04630046863734679,0.08303615586849572,0.048468398604110126,0.0007680260225287632,0.0,0.02232044485346537,0.0,0.0202011481849182,0.0,0.010851834681227352,0.0,0.0,0.028993514991130363,0.0,0.0,0.0,0.054343914201396386,0.054891126540404955,0.0,0.0,0.0,0.0,0.05784110932352716,0.0,0.0,0.0,0.0,0.07602406517170902
1166,0.05687670154492079,0.02726095148374941,0.0,0.0,0.0,0.011863658783520678,0.014847692862292719,0.02480672618892678,0.05370298565335402,0.0007680260225287632,0.0,0.004951457569119496,0.0,0.0202011481849182,0.0,0.000995896220745548,0.0,0.0,0.010178265042021692,0.0,0.0,0.0,0.054343914201396386,0.06303391617288887,0.0,0.0,0.0,0.0,0.05784110932352716,0.0,0.0,0.0,0.0,0.0
1195,0.007347393971200841,0.0,0.0,0.0,0.0,0.0,0.0014419610670511898,0.003279798006091054,0.005234587049243893,0.0,0.0,0.0,0.0,0.0,0.0,0.0,0.0,0.0,0.005147294035536684,0.0,0.0,0.0,0.0,0.008142789632483915,0.0,0.0,0.0,0.0,0.0,0.0,0.0,0.0,0.0,0.0
1198,0.007347393971200841,0.0,0.0,0.0,0.0,0.0,0.0014419610670511898,0.003279798006091054,0.005234587049243893,0.0,0.0,0.0,0.0,0.0,0.005443956785955436,0.0,0.02002167952560097,0.0,0.005147294035536684,0.0,0.0,0.0,0.0,0.008142789632483915,0.0,0.0,0.0,0.0,0.0,0.0,0.0,0.0,0.0,0.0
1222,0.007347393971200841,0.0,0.0,0.0,0.0,0.0,0.0014419610670511898,0.003279798006091054,0.005234587049243893,0.0,0.0,0.0,0.0,0.0,0.0,0.0,0.0,0.0,0.005147294035536684,0.0,0.0,0.0,0.0,0.008142789632483915,0.0,0.0,0.0,0.0,0.0,0.0,0.0,0.0,0.0,0.019603327672068856
1299,0.6279397776101291,0.5493699952896844,0.0,0.0,0.0,0.11635211962306274,0.39698990627253067,0.4235364552151392,0.7520356727413726,0.024079874706342985,0.0,0.10035126832492967,0.6378478945969549,0.38977856433720376,0.0,0.015161661429626189,0.0,0.0,0.07566813039811554,0.0,0.0,0.0,0.6809184481393507,0.6959176996619288,0.0,0.0,0.6625818237174608,0.0,0.7247376082126715,0.0,0.0,0.0,0.0,0.38348829845418686
1301,0.6279397776101291,0.5493699952896844,0.0,0.0,0.0,0.11635211962306274,0.39698990627253067,0.4235364552151392,0.7520356727413726,0.024079874706342985,0.0,0.10035126832492967,0.6378478945969549,0.38977856433720376,0.0,0.015161661429626189,0.0,0.0,0.07566813039811554,0.0,0.0,0.0,0.6809184481393507,0.6959176996619288,0.0,0.0,0.6625818237174608,0.0,0.7247376082126715,0.0,0.0,0.0,0.0,0.0
1303,0.04952930757371995,0.02726095148374941,0.0,0.0,0.0,0.011863658783520678,0.01340573179524153,0.021526928182835726,0.048468398604110126,0.0007680260225287632,0.0,0.004951457569119496,0.0,0.0202011481849182,0.0,0.000995896220745548,0.0,0.0,0.005030971006485008,0.0,0.0,0.0,0.054343914201396386,0.054891126540404955,0.0,0.0,0.0,0.0,0.05784110932352716,0.0,0.0,0.0,0.0,0.07602406517170902
1341,0.05687670154492079,0.02726095148374941,0.0,0.0,0.0,0.011863658783520678,0.04774242970439798,0.08631595387458678,0.05370298565335402,0.0007680260225287632,0.0,0.036798921567356674,0.0,0.0202011481849182,0.026038149898717083,0.010851834681227352,0.152553720589173,0.060709635416666664,0.034140809026667045,0.0,0.0,0.0,0.054343914201396386,0.06303391617288887,0.0,0.0,0.0,0.0,0.05784110932352716,0.0,0.0,0.0,0.0,0.0
1374,0.007347393971200841,0.0,0.0,0.0,0.0,0.0,0.0014419610670511898,0.003279798006091054,0.005234587049243893,0.0,0.0,0.0,0.0,0.0,0.0,0.0,0.0,0.0,0.005147294035536684,0.0,0.0,0.0,0.0,0.008142789632483915,0.0,0.0,0.0,0.0,0.0,0.0,0.0,0.0,0.0,0.0
1466,0.29993111818151996,0.2549752708431465,0.0,0.0,0.0,0.07440097609096337,0.17168348954578228,0.16323502616029362,0.5383869716944553,0.008132040238539846,0.0,0.02132237618115594,0.37969396666286975,0.17395433159235119,0.0,0.000995896220745548,0.0,0.0,0.010178265042021692,0.0,0.0,0.0,0.3210249766069243,0.33240030535461124,0.0,0.0,0.2820063936672248,0.0,0.3416839040833525,0.0,0.0,0.0,0.0,0.0
1467,0.04952930757371995,0.02726095148374941,0.0,0.0,0.0,0.011863658783520678,0.04630046863734679,0.08303615586849572,0.048468398604110126,0.0007680260225287632,0.0,0.004951457569119496,0.0,0.0202011481849182,0.0,0.0040522673809646435,0.0,0.0,0.028993514991130363,0.0,0.0,0.0,0.054343914201396386,0.054891126540404955,0.0,0.0,0.0,0.0,0.05784110932352716,0.0,0.0,0.0,0.0,0.0
1476,0.04952930757371995,0.02726095148374941,0.0,0.0,0.0,0.011863658783520678,0.04630046863734679,0.08303615586849572,0.048468398604110126,0.0007680260225287632,0.0,0.02232044485346537,0.0,0.0202011481849182,0.0,0.010851834681227352,0.0,0.0,0.028993514991130363,0.0,0.0,0.0,0.054343914201396386,0.054891126540404955,0.0,0.0,0.0,0.0,0.05784110932352716,0.0,0.0,0.0,0.0,0.0
1566,0.2430544166365992,0.22771431935939707,0.0,0.0,0.0,0.06253731730744269,0.15683579668348957,0.13842829997136685,0.48468398604110124,0.007364014216011083,0.0,0.016370918612036447,0.37969396666286975,0.153753183407433,0.0,0.0,0.0,0.0,0.0,0.0,0.0,0.0,0.2666810624055279,0.26936638918172234,0.0,0.0,0.2820063936672248,0.0,0.2838427947598253,0.0,0.0,0.0,0.0,0.0
1577,0.04952930757371995,0.02726095148374941,0.0,0.0,0.0,0.011863658783520678,0.04630046863734679,0.08303615586849572,0.048468398604110126,0.0007680260225287632,0.0,0.004951457569119496,0.0,0.0202011481849182,0.0,0.0040522673809646435,0.0,0.0,0.028993514991130363,0.0,0.0,0.0,0.054343914201396386,0.054891126540404955,0.0,0.0,0.0,0.0,0.05784110932352716,0.0,0.0,0.0,0.0,0.0
1616,0.007347393971200841,0.0,0.0,0.0,0.0,0.0,0.0014419610670511898,0.003279798006091054,0.005234587049243893,0.0,0.0,0.0,0.0,0.0,0.005443956785955436,0.0,0.031435312121405344,0.0,0.005147294035536684,0.0,0.0,0.0,0.0,0.008142789632483915,0.0,0.0,0.0,0.0,0.0,0.0,0.0,0.0,0.0,0.0
1638,0.04952930757371995,0.02726095148374941,0.0,0.0,0.0,0.011863658783520678,0.01340573179524153,0.021526928182835726,0.048468398604110126,0.0007680260225287632,0.0,0.004951457569119496,0.0,0.0202011481849182,0.0,0.000995896220745548,0.0,0.0,0.005030971006485008,0.0,0.0,0.0,0.054343914201396386,0.054891126540404955,0.0,0.0,0.0,0.0,0.05784110932352716,0.0,0.0,0.0,0.0,0.0
1641,0.04952930757371995,0.02726095148374941,0.0,0.0,0.0,0.011863658783520678,0.01340573179524153,0.021526928182835726,0.048468398604110126,0.0007680260225287632,0.0,0.004951457569119496,0.0,0.0202011481849182,0.0,0.000995896220745548,0.0,0.0,0.005030971006485008,0.0,0.0,0.0,0.054343914201396386,0.054891126540404955,0.0,0.0,0.0,0.0,0.05784110932352716,0.0,0.0,0.0,0.0,0.0
1644,0.007347393971200841,0.0,0.0,0.0,0.0,0.0,0.0014419610670511898,0.003279798006091054,0.005234587049243893,0.0,0.0,0.0,0.0,0.0,0.0,0.0,0.0,0.0,0.005147294035536684,0.0,0.0,0.0,0.0,0.008142789632483915,0.0,0.0,0.0,0.0,0.0,0.0,0.0,0.0,0.0,0.0
1664,0.007347393971200841,0.0,0.0,0.0,0.0,0.0,0.0014419610670511898,0.003279798006091054,0.005234587049243893,0.0,0.0,0.0,0.0,0.0,0.0,0.0,0.0,0.0,0.005147294035536684,0.0,0.0,0.0,0.0,0.008142789632483915,0.0,0.0,0.0,0.0,0.0,0.0,0.0,0.0,0.0,0.0
1691,0.007347393971200841,0.0,0.0,0.0,0.0,0.0,0.0014419610670511898,0.003279798006091054,0.005234587049243893,0.0,0.0,0.0,0.0,0.0,0.0,0.0,0.0,0.0,0.005147294035536684,0.0,0.0,0.0,0.0,0.008142789632483915,0.0,0.0,0.0,0.0,0.0,0.0,0.0,0.0,0.0,0.0
