1375	G60415BS
1417	1417.1
1580	G49721VX
1591	G07483YN
1662	G39213VZ
1754	1754.1
1795	G12398HZ
1836	G80858MF
1866	G24987DS
2040	G58667NI
2070	G36191CD
2081	G80393PG
2156	G39439UR
2244	G04483SK
2244	G52428MJ
2244	2244.1
2285	G03445UI
2326	G00176HZ
2401	G23295TF
2401	2401.1
2489	G10691MJ
2530	G79457WN
2605	G30460NZ
2605	2605.1
2605	2605.2
2646	2646.1
2693	G07568IR
2693	2693.1
2693	2693.2
2693	2693.3
2734	G00536FZ
2792	G39764AC
2892	G79412GP
2939	G37597FW
2967	G17689DH
2967	2967.1
3055	G88127MB
3055	3055.1
3055	3055.2
3096	G40242TG
3143	G20924UR
3143	G54953LX
3143	3143.1
3212	3212.1
3242	G39813YP
3388	G88966ZO
3416	G54338PJ
3416	3416.1
3416	3416.2
3416	3416.3
3457	3457.1
3504	G10292TC
3592	G75308SV
3592	3592.1
3603	G05098FE
3661	3661.1
3777	G76812VG
3865	3865.1
3953	3953.1
4022	G80264ZA
4041	G90130AG
4041	4041.1
4052	G99891PR
4226	G56516KW
4226	G86696LV
4314	G16873YG
4402	4402.1
4413	G05203UQ
4490	4490.1
4587	4587.1
4675	G09280JF
4675	4675.1
4851	4851.1
4862	G85809SI
5037	G49604DB
5312	5312.1
5486	5486.1