	30	25	34	21	22	5	20	18	6	7	8	1	9	28	3	4
77	0	1	1	1	1	1	1	1	1	1	1	1	1	1	1	1
84	0.481718773	1	0	1	1	1	1	1	1	1	1	1	1	1	1	1
92	1	0	0	0	0	0	0	0	0	0	0	0	0	0	0	0
104	0	1	1	0.989515687	0.985607477	1	0.986381842	1	0.405467148	1	1	1	1	1	1	1
115	0	0	1	1	1	1	1	1	1	1	1	1	1	1	1	1
120	0	1	0	1	1	1	1	1	1	1	1	1	1	1	1	1
136	0.948263404	0	0	0	0	0	0	0	0	0	0	0	0	0	0	0
151	0	0	1	0.989515687	0.985607477	1	0.986381842	1	0.405467148	1	1	1	1	1	1	1
167	0	1	0	0.989515687	0.985607477	1	0.986381842	1	0.405467148	1	1	1	1	1	1	1
168	0	0	0	1	1	1	1	1	1	1	1	1	1	1	1	1
173	0	0.487651077	0.095627393	0.15867303	0	0.022814237	0	0.284667969	0.011863659	0.04774243	0.086315954	0.056876702	0.053702986	0.540832883	0.066028674	0.011099639
184	0	1	0	0	0	0	0	0.942667643	0.796396771	0.819619683	0.878569383	0.893495588	0.93553703	0.915251487	0.974741186	0.667836861
202	0.481718773	0	0	0	0	0	0	0	0	0	0	0	0	0	0	0
212	0	0.968645998	0.918880797	0	0	0	0	0.907958984	0.295111757	0.819619683	0.878569383	0.893495588	0.93553703	0.915251487	0.974741186	0.667836861
214	0	0	1	0	0.985607477	0.973431521	0.952269693	0	0.346590172	0.984724225	1	0.983566766	1	1	0.922160162	0.968353123
216	0	0	1	0.941084422	0.955607477	1	0.986381842	0.988647461	0.208769243	1	1	1	1	1	1	1
227	0	0	0.595238781	0	0	0	0	0.740763346	0.485709094	0.552135905	0.64487076	0.802177977	0.752035673	0	0	0
231	0	0.487651077	0	0.15867303	0	0.022814237	0	0.284667969	0.011863659	0.04774243	0.086315954	0.056876702	0.053702986	0.540832883	0.066028674	0.011099639
232	0	0	0	0.989515687	0.985607477	1	0.986381842	1	0.405467148	1	1	1	1	1	1	1
237	0	0.487651077	0.095627393	0.15867303	0	0.022814237	0	0.270629883	0.011863659	0.04774243	0.086315954	0.056876702	0.053702986	0.540832883	0.066028674	0.011099639
256	0	1	0	0	0.985607477	0.973431521	0.952269693	0	0.346590172	0.984724225	1	0.983566766	1	1	0.922160162	0.968353123
288	0	0	1	0	0.955607477	0.973431521	0.952269693	0	0.208769243	0.984724225	1	0.983566766	1	1	0.922160162	0.968353123
302	0	0	0.918880797	0	0	0	0	0.942667643	0.208769243	0.819619683	0.878569383	0.893495588	0.93553703	0.915251487	0.974741186	0.667836861
303	0	0	0.918880797	0	0	0	0	0	0.346590172	0.819619683	0.878569383	0.893495588	0.93553703	0.915251487	0.421786616	0.667836861
314	0	0.487651077	0	0.15867303	0	0.022814237	0	0.270629883	0.011863659	0.04774243	0.086315954	0.056876702	0.053702986	0.540832883	0.066028674	0.011099639
316	0	0	0	0.941084422	0.955607477	1	0.986381842	0.988647461	0.208769243	1	1	1	1	1	1	1
322	0	0	0.095627393	0.15867303	0	0.022814237	0	0.284667969	0.011863659	0.04774243	0.086315954	0.056876702	0.053702986	0.540832883	0.066028674	0.011099639
328	0	0.968645998	0	0	0	0	0	0.907958984	0.295111757	0.819619683	0.878569383	0.893495588	0.93553703	0.915251487	0.974741186	0.667836861
332	0	0.487651077	0.095627393	0	0	0	0	0.284667969	0.011863659	0.04774243	0.086315954	0.056876702	0.053702986	0.540832883	0.066028674	0.011099639
341	0	0	0	0	0	0	0	0.740763346	0.485709094	0.552135905	0.64487076	0.802177977	0.752035673	0	0	0
343	0	0	0	0	0.985607477	0.973431521	0.952269693	0	0.346590172	0.984724225	1	0.983566766	1	1	0.922160162	0.968353123
344	0	1	0	0	0	0	0	0	0.346590172	0.819619683	0.878569383	0.893495588	0.93553703	0.844726879	0.922160162	0.667836861
351	0	0.487651077	0.076024065	0	0	0.022814237	0	0	0.011863659	0.046300469	0.083036156	0.049529308	0.048468399	0.540832883	0.059731759	0.011099639
400	0	0	1	0	0.934579439	0.721969533	0.667556742	0	0.208769243	0.791704218	0.795663378	0.770656345	1	0.929475392	0.421786616	0.899845121
403	0	0.274478893	0.834998129	0	0	0	0	0	0.256301757	0.660958904	0.69573366	0.802177977	0.903790229	0.153326122	0.695008716	0.516262261
414	0	0	0.918880797	0	0	0	0	0.907958984	0.208769243	0.819619683	0.878569383	0.893495588	0.93553703	0.915251487	0.974741186	0.667836861
416	0	0	0.595238781	0	0	0	0	0	0.295501155	0.552135905	0.64487076	0.802177977	0.752035673	0	0	0
426	0	0	0	0.15867303	0	0.022814237	0	0.284667969	0.011863659	0.04774243	0.086315954	0.056876702	0.053702986	0.540832883	0.066028674	0.011099639
430	0	0	0.095627393	0.15867303	0	0.022814237	0	0.270629883	0.011863659	0.04774243	0.086315954	0.056876702	0.053702986	0.540832883	0.066028674	0.011099639
439	0	0	0	0	0	0	0	0.942667643	0.208769243	0.819619683	0.878569383	0.893495588	0.93553703	0.915251487	0.974741186	0.667836861
440	0	0.487651077	0	0	0	0	0	0.284667969	0.011863659	0.04774243	0.086315954	0.056876702	0.053702986	0.540832883	0.066028674	0.011099639
447	0	0	0	0	0	0	0	0.740763346	0.354378131	0.552135905	0.64487076	0.802177977	0.752035673	0	0	0
450	0	0	0	0	0.955607477	0.973431521	0.952269693	0	0.208769243	0.984724225	1	0.983566766	1	1	0.922160162	0.968353123
451	0	0.968645998	0	0	0	0	0	0	0.295111757	0.819619683	0.878569383	0.893495588	0.93553703	0.844726879	0.922160162	0.667836861
452	0	0	0	0	0	0	0	0	0.346590172	0.819619683	0.878569383	0.893495588	0.93553703	0.844726879	0.922160162	0.667836861
454	0	0	0	0	0	0	0	0	0.346590172	0.819619683	0.878569383	0.893495588	0.93553703	0.915251487	0.421786616	0.667836861
487	0	0.487651077	0.095627393	0	0	0	0	0.270629883	0.011863659	0.04774243	0.086315954	0.056876702	0.053702986	0.540832883	0.066028674	0.011099639
500	0	0.487651077	0	0	0	0.022814237	0	0	0.011863659	0.046300469	0.083036156	0.049529308	0.048468399	0.540832883	0.059731759	0.011099639
563	0	0	0	0.15867303	0	0.022814237	0	0.270629883	0.011863659	0.04774243	0.086315954	0.056876702	0.053702986	0.540832883	0.066028674	0.011099639
571	0	0	0	0	0	0	0	0.907958984	0.208769243	0.819619683	0.878569383	0.893495588	0.93553703	0.915251487	0.974741186	0.667836861
575	0	0	0.095627393	0	0	0	0	0.284667969	0.011863659	0.04774243	0.086315954	0.056876702	0.053702986	0.540832883	0.066028674	0.011099639
577	0	0	0	0	0	0	0	0.740763346	0.244022741	0.552135905	0.64487076	0.802177977	0.752035673	0	0	0
586	0	0	0	0	0.934579439	0.721969533	0.667556742	0	0.208769243	0.791704218	0.795663378	0.770656345	1	0.929475392	0.421786616	0.899845121
588	0	0.274478893	0	0	0	0	0	0	0.256301757	0.660958904	0.69573366	0.802177977	0.903790229	0.153326122	0.695008716	0.516262261
589	0	0	0	0	0	0	0	0	0.295501155	0.552135905	0.64487076	0.802177977	0.752035673	0	0	0
599	0	0	0.095627393	0	0	0.022814237	0	0	0.011863659	0.04774243	0.086315954	0.056876702	0.053702986	0.540832883	0.066028674	0.011099639
606	0	0.487651077	0.095627393	0	0	0	0	0	0.011863659	0.04774243	0.086315954	0.056876702	0.053702986	0.540832883	0.066028674	0.011099639
641	0	0.487651077	0	0	0	0	0	0.270629883	0.011863659	0.04774243	0.086315954	0.056876702	0.053702986	0.540832883	0.066028674	0.011099639
724	0	0	0.595238781	0	0	0	0	0	0.205212741	0.519241168	0.583361533	0.802177977	0.752035673	0	0	0
726	0	0	0.595238781	0	0	0	0	0.69156901	0.11635212	0.552135905	0.64487076	0.802177977	0.752035673	0	0	0
729	0	0	0.019603328	0.020968625	0	0	0	0.060709635	0	0.001441961	0.003279798	0.007347394	0.005234587	0	0.006296916	0
740	0	0	0	0	0	0	0	0.284667969	0.011863659	0.04774243	0.086315954	0.056876702	0.053702986	0.540832883	0.066028674	0.011099639
746	0	0	0	0	0	0	0	0	0.208769243	0.819619683	0.878569383	0.893495588	0.93553703	0.915251487	0.421786616	0.667836861
748	0	0	0	0	0	0	0	0	0.244022741	0.552135905	0.64487076	0.802177977	0.752035673	0	0	0
750	0	0	0	0	0	0	0	0	0.256301757	0.660958904	0.69573366	0.802177977	0.903790229	0.153326122	0.695008716	0.516262261
751	0	0	0.076024065	0	0	0.022814237	0	0	0.011863659	0.046300469	0.083036156	0.049529308	0.048468399	0.540832883	0.059731759	0.011099639
752	0	0.487651077	0.076024065	0	0	0	0	0	0.011863659	0.046300469	0.083036156	0.049529308	0.048468399	0.540832883	0.059731759	0.011099639
800	0	0	0.095627393	0	0	0	0	0.270629883	0.011863659	0.04774243	0.086315954	0.056876702	0.053702986	0.540832883	0.066028674	0.011099639
810	0	0	0	0	0	0.022814237	0	0	0.011863659	0.04774243	0.086315954	0.056876702	0.053702986	0.540832883	0.066028674	0.011099639
814	0	0.487651077	0	0	0	0	0	0	0.011863659	0.04774243	0.086315954	0.056876702	0.053702986	0.540832883	0.066028674	0.011099639
909	0	0	0.834998129	0	0	0	0	0	0.208769243	0.538707642	0.535908582	0.627939778	0.903790229	0.153326122	0.355757942	0.516262261
915	0	0	0	0.020968625	0	0	0	0.060709635	0	0.001441961	0.003279798	0.007347394	0.005234587	0	0.006296916	0
920	0	0	0	0.073624912	0	0	0	0	0	0	0	0	0	0	0	0
923	0	0	0.095627393	0	0	0	0	0.284667969	0.011863659	0.04774243	0.086315954	0.056876702	0.053702986	0	0	0
924	0	0	0	0	0	0	0	0.69156901	0.11635212	0.552135905	0.64487076	0.802177977	0.752035673	0	0	0
927	0	0	0	0	0	0	0	0	0.208769243	0.697368421	0.718744306	0.719257388	0.93553703	0.844726879	0.421786616	0.667836861
928	0	0	0	0	0	0	0	0	0.208769243	0.660958904	0.69573366	0.802177977	0.903790229	0.153326122	0.695008716	0.516262261
930	0	0	0	0	0	0	0	0	0.157680226	0.552135905	0.64487076	0.802177977	0.752035673	0	0	0
932	0	0	0	0	0	0	0	0	0.205212741	0.519241168	0.583361533	0.802177977	0.752035673	0	0	0
982	0	0	0	0	0	0	0	0.270629883	0.011863659	0.04774243	0.086315954	0.056876702	0.053702986	0.540832883	0.066028674	0.011099639
985	0	0	0	0	0	0.022814237	0	0	0.011863659	0.046300469	0.083036156	0.049529308	0.048468399	0.540832883	0.059731759	0.011099639
986	0	0.487651077	0	0	0	0	0	0	0.011863659	0.046300469	0.083036156	0.049529308	0.048468399	0.540832883	0.059731759	0.011099639
1109	0	0	0.595238781	0	0	0	0	0	0.11635212	0.429884643	0.485045683	0.627939778	0.752035673	0	0	0
1110	0	0	0.595238781	0	0	0	0	0	0.11635212	0.519241168	0.583361533	0.802177977	0.752035673	0	0	0
1111	0	0	0.595238781	0	0	0	0	0	0.157680226	0.396989906	0.423536455	0.627939778	0.752035673	0	0	0
1118	0	0	0	0	0	0	0	0.284667969	0.011863659	0.04774243	0.086315954	0.056876702	0.053702986	0	0	0
1119	0	0	0	0	0	0	0	0	0.157680226	0.429884643	0.485045683	0.627939778	0.752035673	0	0	0
1120	0	0	0	0	0	0	0	0	0.208769243	0.538707642	0.535908582	0.627939778	0.903790229	0.153326122	0.355757942	0.516262261
1121	0	0	0	0	0	0	0	0	0.157680226	0.519241168	0.583361533	0.802177977	0.752035673	0	0	0
1122	0	0	0	0	0	0	0	0	0.11635212	0.552135905	0.64487076	0.802177977	0.752035673	0	0	0
1134	0	0	0.095627393	0	0	0	0	0	0.011863659	0.04774243	0.086315954	0.056876702	0.053702986	0.540832883	0.066028674	0.011099639
1158	0	0	0.095627393	0	0	0	0	0.270629883	0.011863659	0.04774243	0.086315954	0.056876702	0.053702986	0	0	0
1251	0	0	0.019603328	0	0	0	0	0.060709635	0	0.001441961	0.003279798	0.007347394	0.005234587	0	0.006296916	0
1296	0	0	0.595238781	0	0	0	0	0	0.11635212	0.396989906	0.423536455	0.627939778	0.752035673	0	0	0
1298	0	0	0	0.020968625	0	0	0	0	0	0	0	0	0	0	0	0
1301	0	0	0	0	0	0	0	0	0.11635212	0.429884643	0.485045683	0.627939778	0.752035673	0	0	0
1302	0	0	0	0	0	0	0	0	0.11635212	0.519241168	0.583361533	0.802177977	0.752035673	0	0	0
1303	0	0	0	0	0	0	0	0	0.157680226	0.396989906	0.423536455	0.627939778	0.752035673	0	0	0
1305	0	0	0.076024065	0	0	0	0	0	0.011863659	0.046300469	0.083036156	0.049529308	0.048468399	0.540832883	0.059731759	0.011099639
1326	0	0	0	0	0	0	0	0.270629883	0.011863659	0.04774243	0.086315954	0.056876702	0.053702986	0	0	0
1327	0	0	0	0	0	0	0	0	0.011863659	0.04774243	0.086315954	0.056876702	0.053702986	0.540832883	0.066028674	0.011099639
1407	0	0	0	0	0	0	0	0.060709635	0	0.001441961	0.003279798	0.007347394	0.005234587	0	0.006296916	0
1455	0	0	0	0	0	0	0	0	0.11635212	0.396989906	0.423536455	0.627939778	0.752035673	0	0	0
1467	0	0	0	0	0	0	0	0	0.011863659	0.046300469	0.083036156	0.049529308	0.048468399	0.540832883	0.059731759	0.011099639
1479	0	0	0.287860906	0	0	0	0	0	0.062537317	0.156835797	0.1384283	0.243054417	0.484683986	0	0	0
1535	0	0	0.019603328	0	0	0	0	0.060709635	0	0.001441961	0.003279798	0.007347394	0.005234587	0	0	0
1568	0	0	0	0.003677334	0	0	0	0	0	0	0	0	0	0	0	0
1571	0	0	0.095627393	0	0	0	0	0	0.011863659	0.014847693	0.024806726	0.056876702	0.053702986	0	0	0
1572	0	0	0.076024065	0	0	0	0	0	0.011863659	0.046300469	0.083036156	0.049529308	0.048468399	0	0	0
1578	0	0	0	0	0	0	0	0	0.011863659	0.04774243	0.086315954	0.056876702	0.053702986	0	0	0
1584	0	0	0.019603328	0	0	0	0	0	0	0.001441961	0.003279798	0.007347394	0.005234587	0	0.006296916	0
1618	0	0	0	0	0	0	0	0.060709635	0	0.001441961	0.003279798	0.007347394	0.005234587	0	0	0
1640	0	0	0	0	0	0	0	0	0.062537317	0.156835797	0.1384283	0.243054417	0.484683986	0	0	0
1641	0	0	0.076024065	0	0	0	0	0	0.011863659	0.013405732	0.021526928	0.049529308	0.048468399	0	0	0
1643	0	0	0	0	0	0	0	0	0.011863659	0.014847693	0.024806726	0.056876702	0.053702986	0	0	0
1644	0	0	0	0	0	0	0	0	0.011863659	0.046300469	0.083036156	0.049529308	0.048468399	0	0	0
1647	0	0	0	0	0	0	0	0	0	0.001441961	0.003279798	0.007347394	0.005234587	0	0.006296916	0
1679	0	0	0	0	0	0	0	0	0.011863659	0.013405732	0.021526928	0.049529308	0.048468399	0	0	0
1695	0	0	0.019603328	0	0	0	0	0	0	0.001441961	0.003279798	0.007347394	0.005234587	0	0	0
1700	0	0	0	0	0	0	0	0	0	0.001441961	0.003279798	0.007347394	0.005234587	0	0	0